Nov 17, 2019  12:50:54 PM
Residual Gas Analyzer Software 
Software Version, 3.216.001

Analog Scan Setup:

Data Points in Scan, 1991 
Units, Torr 
Noise Floor, 2 
CEM Status, OFF 
Points Per AMU, 10
Scan Start Mass, 1, amu 
Scan Stop Mass, 200, amu
Focus Voltage, 90, Volts 
Ion Energy, HIGH 
Electron Energy, 70, eV 
CEM Voltage, 1000, Volts
CEM Gain, 1.00E+006 
Sensitivity Factor, 1.00E-004 
Filament Current, 1.00, mAmps


  1.00,   2.23E-009, 
  1.10,   2.36E-009, 
  1.20,   2.65E-009, 
  1.30,   1.13E-008, 
  1.40,   7.53E-008, 
  1.50,   8.17E-008, 
  1.60,   4.44E-008, 
  1.70,   4.12E-008, 
  1.80,   4.80E-008, 
  1.90,   5.30E-008, 
  2.00,   6.01E-008, 
  2.10,   5.99E-008, 
  2.20,   5.56E-008, 
  2.30,   4.93E-008, 
  2.40,   4.09E-008, 
  2.50,   2.63E-008, 
  2.60,   1.08E-008, 
  2.70,   6.32E-009, 
  2.80,   4.85E-009, 
  2.90,   4.46E-009, 
  3.00,   4.72E-009, 
  3.10,   5.48E-009, 
  3.20,   6.73E-009, 
  3.30,   9.32E-009, 
  3.40,   1.49E-008, 
  3.50,   2.71E-008, 
  3.60,   7.25E-008, 
  3.70,   2.98E-007, 
  3.80,   1.02E-006, 
  3.90,   1.54E-006, 
  4.00,   1.96E-006, 
  4.10,   2.35E-006, 
  4.20,   1.86E-006, 
  4.30,   1.81E-006, 
  4.40,   1.32E-006, 
  4.50,   3.53E-007, 
  4.60,   1.99E-008, 
  4.70,   6.15E-009, 
  4.80,   2.33E-009, 
  4.90,   9.94E-010, 
  5.00,   4.25E-010, 
  5.10,   1.63E-010, 
  5.20,  -4.29E-011, 
  5.30,  -1.62E-010, 
  5.40,  -2.01E-010, 
  5.50,  -2.68E-010, 
  5.60,  -3.27E-010, 
  5.70,  -3.14E-010, 
  5.80,  -2.88E-010, 
  5.90,  -2.70E-010, 
  6.00,  -2.40E-010, 
  6.10,  -2.16E-010, 
  6.20,  -2.00E-010, 
  6.30,  -2.12E-010, 
  6.40,  -2.18E-010, 
  6.50,  -2.21E-010, 
  6.60,  -1.62E-010, 
  6.70,  -1.65E-010, 
  6.80,  -2.11E-010, 
  6.90,  -2.26E-010, 
  7.00,  -1.92E-010, 
  7.10,  -1.50E-010, 
  7.20,  -1.59E-010, 
  7.30,  -1.67E-010, 
  7.40,  -1.66E-010, 
  7.50,  -1.71E-010, 
  7.60,  -1.63E-010, 
  7.70,  -1.15E-010, 
  7.80,  -8.97E-011, 
  7.90,  -8.88E-011, 
  8.00,  -1.48E-010, 
  8.10,  -1.24E-010, 
  8.20,  -1.09E-010, 
  8.30,  -6.67E-011, 
  8.40,  -8.93E-011, 
  8.50,  -8.23E-011, 
  8.60,  -5.94E-011, 
  8.70,  -5.29E-011, 
  8.80,  -3.08E-011, 
  8.90,   9.53E-012, 
  9.00,  -4.20E-011, 
  9.10,  -8.71E-011, 
  9.20,  -6.72E-011, 
  9.30,  -8.10E-011, 
  9.40,  -1.76E-010, 
  9.50,  -1.15E-010, 
  9.60,  -6.63E-011, 
  9.70,  -1.02E-010, 
  9.80,  -7.54E-011, 
  9.90,  -5.89E-011, 
 10.00,  -3.94E-011, 
 10.10,  -4.77E-011, 
 10.20,  -5.76E-011, 
 10.30,  -2.51E-011, 
 10.40,  -6.07E-011, 
 10.50,  -1.14E-010, 
 10.60,  -1.08E-010, 
 10.70,  -8.19E-011, 
 10.80,  -5.20E-011, 
 10.90,  -3.38E-011, 
 11.00,   1.78E-011, 
 11.10,  -1.56E-011, 
 11.20,  -7.02E-011, 
 11.30,  -8.97E-011, 
 11.40,  -1.52E-010, 
 11.50,  -1.33E-010, 
 11.60,  -1.33E-010, 
 11.70,  -1.11E-010, 
 11.80,  -1.07E-010, 
 11.90,  -7.50E-011, 
 12.00,   1.56E-010, 
 12.10,   7.78E-010, 
 12.20,   1.53E-009, 
 12.30,   2.18E-009, 
 12.40,   2.58E-009, 
 12.50,   2.50E-009, 
 12.60,   1.69E-009, 
 12.70,   8.86E-010, 
 12.80,   3.89E-010, 
 12.90,   2.04E-010, 
 13.00,   8.54E-011, 
 13.10,   6.50E-012, 
 13.20,   1.78E-011, 
 13.30,   8.32E-011, 
 13.40,   1.67E-010, 
 13.50,   1.84E-010, 
 13.60,   1.37E-010, 
 13.70,   1.39E-010, 
 13.80,   2.27E-010, 
 13.90,   5.30E-010, 
 14.00,   1.67E-009, 
 14.10,   9.84E-009, 
 14.20,   3.29E-008, 
 14.30,   4.72E-008, 
 14.40,   4.89E-008, 
 14.50,   4.28E-008, 
 14.60,   2.05E-008, 
 14.70,   6.91E-009, 
 14.80,   3.19E-009, 
 14.90,   1.70E-009, 
 15.00,   9.96E-010, 
 15.10,   6.86E-010, 
 15.20,   5.71E-010, 
 15.30,   5.71E-010, 
 15.40,   6.23E-010, 
 15.50,   5.85E-010, 
 15.60,   4.86E-010, 
 15.70,   3.79E-010, 
 15.80,   2.89E-010, 
 15.90,   2.66E-010, 
 16.00,   3.44E-010, 
 16.10,   1.03E-009, 
 16.20,   5.27E-009, 
 16.30,   1.14E-008, 
 16.40,   1.60E-008, 
 16.50,   1.65E-008, 
 16.60,   1.15E-008, 
 16.70,   5.16E-009, 
 16.80,   2.50E-009, 
 16.90,   1.73E-009, 
 17.00,   1.62E-009, 
 17.10,   2.77E-009, 
 17.20,   1.35E-008, 
 17.30,   4.11E-008, 
 17.40,   5.82E-008, 
 17.50,   5.55E-008, 
 17.60,   3.61E-008, 
 17.70,   1.07E-008, 
 17.80,   5.06E-009, 
 17.90,   3.24E-009, 
 18.00,   3.66E-009, 
 18.10,   7.11E-009, 
 18.20,   3.98E-008, 
 18.30,   1.70E-007, 
 18.40,   2.28E-007, 
 18.50,   2.18E-007, 
 18.60,   1.37E-007, 
 18.70,   2.07E-008, 
 18.80,   6.84E-009, 
 18.90,   3.18E-009, 
 19.00,   1.70E-009, 
 19.10,   1.06E-009, 
 19.20,   6.05E-010, 
 19.30,   3.92E-010, 
 19.40,   3.73E-010, 
 19.50,   4.19E-010, 
 19.60,   4.10E-010, 
 19.70,   2.41E-010, 
 19.80,   1.32E-010, 
 19.90,   1.04E-010, 
 20.00,   4.90E-011, 
 20.10,  -3.55E-011, 
 20.20,   3.08E-011, 
 20.30,   3.94E-010, 
 20.40,   9.29E-010, 
 20.50,   1.35E-009, 
 20.60,   1.51E-009, 
 20.70,   1.01E-009, 
 20.80,   5.50E-010, 
 20.90,   2.57E-010, 
 21.00,   1.13E-010, 
 21.10,   2.38E-011, 
 21.20,  -1.52E-011, 
 21.30,  -3.38E-011, 
 21.40,  -7.45E-011, 
 21.50,  -5.98E-011, 
 21.60,  -5.24E-011, 
 21.70,  -2.17E-011, 
 21.80,  -6.15E-011, 
 21.90,  -8.06E-011, 
 22.00,  -5.76E-011, 
 22.10,  -4.94E-011, 
 22.20,  -5.20E-011, 
 22.30,  -1.21E-011, 
 22.40,   1.78E-011, 
 22.50,   1.04E-010, 
 22.60,   1.49E-010, 
 22.70,   1.27E-010, 
 22.80,   5.85E-011, 
 22.90,   2.30E-011, 
 23.00,  -3.16E-011, 
 23.10,  -2.64E-011, 
 23.20,  -2.08E-011, 
 23.30,  -5.50E-011, 
 23.40,  -7.28E-011, 
 23.50,  -4.94E-011, 
 23.60,  -2.38E-011, 
 23.70,  -8.67E-013, 
 23.80,  -3.77E-011, 
 23.90,  -3.81E-011, 
 24.00,  -6.33E-011, 
 24.10,  -7.37E-011, 
 24.20,  -3.73E-011, 
 24.30,  -1.30E-012, 
 24.40,   2.17E-012, 
 24.50,   5.98E-011, 
 24.60,   2.47E-011, 
 24.70,  -3.60E-011, 
 24.80,  -7.11E-011, 
 24.90,  -6.37E-011, 
 25.00,  -5.03E-011, 
 25.10,  -2.17E-011, 
 25.20,  -9.19E-011, 
 25.30,  -1.36E-010, 
 25.40,  -1.47E-010, 
 25.50,  -5.50E-011, 
 25.60,  -7.28E-011, 
 25.70,  -8.80E-011, 
 25.80,  -6.54E-011, 
 25.90,  -7.76E-011, 
 26.00,  -7.93E-011, 
 26.10,  -6.28E-011, 
 26.20,  -6.50E-011, 
 26.30,  -4.38E-011, 
 26.40,  -4.77E-011, 
 26.50,   3.03E-011, 
 26.60,   1.07E-010, 
 26.70,   9.97E-011, 
 26.80,   7.06E-011, 
 26.90,   3.03E-011, 
 27.00,   5.11E-011, 
 27.10,   4.85E-011, 
 27.20,   1.99E-011, 
 27.30,   6.59E-011, 
 27.40,   8.19E-011, 
 27.50,   1.87E-010, 
 27.60,   3.73E-010, 
 27.70,   6.59E-010, 
 27.80,   7.24E-010, 
 27.90,   8.12E-010, 
 28.00,   1.08E-009, 
 28.10,   1.91E-009, 
 28.20,   3.71E-009, 
 28.30,   7.31E-009, 
 28.40,   1.64E-008, 
 28.50,   6.21E-008, 
 28.60,   2.85E-007, 
 28.70,   3.77E-007, 
 28.80,   6.12E-008, 
 28.90,   1.09E-008, 
 29.00,   4.77E-009, 
 29.10,   2.37E-009, 
 29.20,   1.40E-009, 
 29.30,   8.15E-010, 
 29.40,   5.59E-010, 
 29.50,   3.91E-010, 
 29.60,   6.07E-010, 
 29.70,   1.42E-009, 
 29.80,   1.32E-009, 
 29.90,   6.92E-010, 
 30.00,   3.96E-010, 
 30.10,   2.31E-010, 
 30.20,   1.21E-010, 
 30.30,  -2.60E-012, 
 30.40,   4.77E-012, 
 30.50,   6.41E-011, 
 30.60,   1.42E-010, 
 30.70,   3.35E-010, 
 30.80,   3.81E-010, 
 30.90,   2.43E-010, 
 31.00,   1.27E-010, 
 31.10,   7.24E-011, 
 31.20,  -3.16E-011, 
 31.30,  -2.43E-011, 
 31.40,   4.90E-011, 
 31.50,   7.89E-011, 
 31.60,   6.28E-011, 
 31.70,   6.11E-011, 
 31.80,   4.55E-011, 
 31.90,   6.07E-012, 
 32.00,   4.16E-011, 
 32.10,   1.26E-010, 
 32.20,   1.65E-010, 
 32.30,   2.50E-010, 
 32.40,   5.75E-010, 
 32.50,   1.16E-009, 
 32.60,   2.53E-009, 
 32.70,   9.35E-009, 
 32.80,   1.63E-008, 
 32.90,   7.07E-009, 
 33.00,   3.33E-009, 
 33.10,   1.65E-009, 
 33.20,   9.84E-010, 
 33.30,   5.79E-010, 
 33.40,   3.08E-010, 
 33.50,   2.03E-010, 
 33.60,   1.44E-010, 
 33.70,   4.20E-011, 
 33.80,   2.17E-011, 
 33.90,  -2.77E-011, 
 34.00,  -6.72E-011, 
 34.10,  -3.77E-011, 
 34.20,   2.86E-011, 
 34.30,   4.77E-011, 
 34.40,   7.37E-012, 
 34.50,  -1.08E-011, 
 34.60,  -5.03E-011, 
 34.70,  -3.64E-011, 
 34.80,   1.91E-011, 
 34.90,   8.23E-012, 
 35.00,  -3.21E-011, 
 35.10,  -6.33E-011, 
 35.20,  -7.15E-011, 
 35.30,  -6.89E-011, 
 35.40,   1.04E-011, 
 35.50,   4.42E-011, 
 35.60,   4.68E-011, 
 35.70,   7.32E-011, 
 35.80,   6.11E-011, 
 35.90,   5.16E-011, 
 36.00,   3.25E-011, 
 36.10,  -7.97E-011, 
 36.20,  -8.19E-011, 
 36.30,  -8.06E-011, 
 36.40,  -8.06E-011, 
 36.50,  -7.24E-011, 
 36.60,  -3.64E-011, 
 36.70,  -1.95E-011, 
 36.80,  -4.72E-011, 
 36.90,  -9.75E-011, 
 37.00,  -1.10E-010, 
 37.10,  -2.21E-011, 
 37.20,   9.10E-012, 
 37.30,   2.90E-011, 
 37.40,  -2.86E-011, 
 37.50,  -8.23E-012, 
 37.60,  -3.81E-011, 
 37.70,  -3.81E-011, 
 37.80,  -7.41E-011, 
 37.90,  -3.64E-011, 
 38.00,  -2.99E-011, 
 38.10,  -8.41E-011, 
 38.20,  -5.03E-011, 
 38.30,  -5.46E-011, 
 38.40,  -4.81E-011, 
 38.50,  -5.16E-011, 
 38.60,  -5.89E-011, 
 38.70,  -5.37E-011, 
 38.80,   1.95E-011, 
 38.90,  -2.73E-011, 
 39.00,   6.93E-012, 
 39.10,  -6.50E-012, 
 39.20,   1.30E-011, 
 39.30,   1.73E-011, 
 39.40,  -1.47E-011, 
 39.50,  -4.42E-011, 
 39.60,  -6.07E-011, 
 39.70,  -7.89E-011, 
 39.80,  -1.69E-011, 
 39.90,  -6.54E-011, 
 40.00,  -8.28E-011, 
 40.10,  -6.59E-011, 
 40.20,  -7.76E-011, 
 40.30,  -6.98E-011, 
 40.40,  -4.42E-011, 
 40.50,   2.17E-012, 
 40.60,  -5.03E-011, 
 40.70,  -7.63E-011, 
 40.80,  -3.81E-011, 
 40.90,   3.12E-011, 
 41.00,   5.33E-011, 
 41.10,   7.58E-011, 
 41.20,   6.59E-011, 
 41.30,   6.54E-011, 
 41.40,   4.98E-011, 
 41.50,   5.11E-011, 
 41.60,   3.90E-011, 
 41.70,  -3.03E-012, 
 41.80,  -6.02E-011, 
 41.90,  -4.51E-011, 
 42.00,  -3.03E-012, 
 42.10,  -1.65E-011, 
 42.20,   4.33E-013, 
 42.30,  -3.16E-011, 
 42.40,  -3.81E-011, 
 42.50,  -4.33E-012, 
 42.60,   1.39E-011, 
 42.70,   2.34E-011, 
 42.80,   6.41E-011, 
 42.90,   6.11E-011, 
 43.00,   6.85E-011, 
 43.10,   2.60E-011, 
 43.20,   4.16E-011, 
 43.30,   3.51E-011, 
 43.40,  -6.07E-012, 
 43.50,  -2.34E-011, 
 43.60,  -7.24E-011, 
 43.70,  -1.33E-010, 
 43.80,  -7.02E-011, 
 43.90,  -3.55E-011, 
 44.00,   8.67E-013, 
 44.10,  -2.38E-011, 
 44.20,   1.60E-011, 
 44.30,   1.82E-011, 
 44.40,  -2.99E-011, 
 44.50,  -3.21E-011, 
 44.60,   5.03E-011, 
 44.70,   1.90E-010, 
 44.80,   1.87E-010, 
 44.90,   1.96E-010, 
 45.00,   2.40E-010, 
 45.10,   1.51E-010, 
 45.20,   5.16E-011, 
 45.30,  -8.67E-012, 
 45.40,   3.47E-012, 
 45.50,  -3.42E-011, 
 45.60,  -3.55E-011, 
 45.70,  -3.77E-011, 
 45.80,  -5.72E-011, 
 45.90,  -1.60E-011, 
 46.00,   4.42E-011, 
 46.10,   5.85E-011, 
 46.20,  -1.47E-011, 
 46.30,  -8.23E-012, 
 46.40,  -2.86E-011, 
 46.50,  -4.33E-011, 
 46.60,  -2.17E-012, 
 46.70,   3.12E-011, 
 46.80,   1.30E-012, 
 46.90,   3.29E-011, 
 47.00,  -1.34E-011, 
 47.10,   3.51E-011, 
 47.20,  -7.80E-012, 
 47.30,  -4.42E-011, 
 47.40,  -6.59E-011, 
 47.50,  -4.59E-011, 
 47.60,  -3.12E-011, 
 47.70,  -7.58E-011, 
 47.80,  -7.97E-011, 
 47.90,  -5.42E-011, 
 48.00,  -8.84E-011, 
 48.10,  -9.40E-011, 
 48.20,  -3.29E-011, 
 48.30,   1.34E-011, 
 48.40,   1.17E-011, 
 48.50,  -1.39E-011, 
 48.60,  -2.69E-011, 
 48.70,  -9.10E-012, 
 48.80,  -2.34E-011, 
 48.90,  -1.69E-011, 
 49.00,  -1.73E-011, 
 49.10,  -3.51E-011, 
 49.20,  -4.29E-011, 
 49.30,  -3.55E-011, 
 49.40,  -4.07E-011, 
 49.50,  -5.24E-011, 
 49.60,  -6.63E-011, 
 49.70,  -7.37E-011, 
 49.80,  -1.00E-010, 
 49.90,  -1.04E-010, 
 50.00,  -5.98E-011, 
 50.10,  -7.45E-011, 
 50.20,  -8.49E-011, 
 50.30,  -1.11E-010, 
 50.40,  -7.71E-011, 
 50.50,  -4.81E-011, 
 50.60,  -1.47E-011, 
 50.70,  -3.47E-011, 
 50.80,  -3.81E-011, 
 50.90,  -8.67E-012, 
 51.00,  -3.08E-011, 
 51.10,  -6.54E-011, 
 51.20,  -3.86E-011, 
 51.30,  -3.08E-011, 
 51.40,   1.91E-011, 
 51.50,   3.64E-011, 
 51.60,   3.38E-011, 
 51.70,   5.63E-012, 
 51.80,  -4.64E-011, 
 51.90,  -1.08E-011, 
 52.00,  -1.99E-011, 
 52.10,   1.04E-011, 
 52.20,  -4.03E-011, 
 52.30,   2.17E-012, 
 52.40,  -3.73E-011, 
 52.50,  -3.34E-011, 
 52.60,  -6.76E-011, 
 52.70,  -4.81E-011, 
 52.80,  -3.12E-011, 
 52.90,  -4.16E-011, 
 53.00,  -5.98E-011, 
 53.10,  -4.77E-011, 
 53.20,  -4.77E-011, 
 53.30,  -6.46E-011, 
 53.40,  -7.32E-011, 
 53.50,   3.47E-012, 
 53.60,   1.47E-011, 
 53.70,  -2.69E-011, 
 53.80,  -4.85E-011, 
 53.90,   4.33E-013, 
 54.00,  -1.73E-012, 
 54.10,  -6.93E-011, 
 54.20,  -8.02E-011, 
 54.30,  -4.33E-013, 
 54.40,  -1.95E-011, 
 54.50,  -6.24E-011, 
 54.60,  -6.72E-011, 
 54.70,  -2.69E-011, 
 54.80,   4.33E-012, 
 54.90,   2.60E-011, 
 55.00,   1.08E-011, 
 55.10,  -1.30E-012, 
 55.20,  -3.55E-011, 
 55.30,  -3.25E-011, 
 55.40,  -5.63E-011, 
 55.50,  -2.04E-011, 
 55.60,  -5.68E-011, 
 55.70,  -9.62E-011, 
 55.80,  -4.55E-011, 
 55.90,  -1.39E-011, 
 56.00,  -9.36E-011, 
 56.10,  -8.15E-011, 
 56.20,   2.77E-011, 
 56.30,   1.95E-011, 
 56.40,   4.29E-011, 
 56.50,   7.02E-011, 
 56.60,   6.67E-011, 
 56.70,   3.47E-011, 
 56.80,   2.21E-011, 
 56.90,   4.16E-011, 
 57.00,   5.11E-011, 
 57.10,   3.90E-011, 
 57.20,   2.60E-012, 
 57.30,  -1.26E-011, 
 57.40,  -3.47E-012, 
 57.50,  -1.78E-011, 
 57.60,  -1.56E-011, 
 57.70,   2.64E-011, 
 57.80,   6.15E-011, 
 57.90,   2.56E-011, 
 58.00,   4.33E-013, 
 58.10,  -5.29E-011, 
 58.20,  -5.59E-011, 
 58.30,  -1.91E-011, 
 58.40,  -4.25E-011, 
 58.50,  -4.29E-011, 
 58.60,  -1.91E-011, 
 58.70,  -2.47E-011, 
 58.80,   4.33E-013, 
 58.90,  -1.26E-011, 
 59.00,  -4.42E-011, 
 59.10,  -1.17E-011, 
 59.20,  -4.16E-011, 
 59.30,  -1.04E-011, 
 59.40,   9.53E-012, 
 59.50,   3.47E-012, 
 59.60,   5.20E-012, 
 59.70,   8.23E-012, 
 59.80,   1.52E-011, 
 59.90,   6.11E-011, 
 60.00,   6.07E-011, 
 60.10,   8.23E-012, 
 60.20,  -3.77E-011, 
 60.30,  -4.07E-011, 
 60.40,  -1.82E-011, 
 60.50,  -1.86E-011, 
 60.60,  -2.69E-011, 
 60.70,  -6.80E-011, 
 60.80,  -7.50E-011, 
 60.90,  -7.28E-011, 
 61.00,  -2.08E-011, 
 61.10,  -5.76E-011, 
 61.20,   1.43E-011, 
 61.30,   2.12E-011, 
 61.40,  -2.60E-012, 
 61.50,  -3.73E-011, 
 61.60,   8.23E-012, 
 61.70,   1.43E-011, 
 61.80,   1.21E-011, 
 61.90,   5.37E-011, 
 62.00,   3.99E-011, 
 62.10,   2.73E-011, 
 62.20,  -1.39E-011, 
 62.30,  -5.33E-011, 
 62.40,  -4.77E-011, 
 62.50,  -9.23E-011, 
 62.60,  -6.76E-011, 
 62.70,  -2.82E-011, 
 62.80,  -4.03E-011, 
 62.90,  -9.66E-011, 
 63.00,  -6.80E-011, 
 63.10,  -7.71E-011, 
 63.20,  -4.59E-011, 
 63.30,  -1.86E-011, 
 63.40,   5.46E-011, 
 63.50,  -1.65E-011, 
 63.60,  -5.07E-011, 
 63.70,  -7.71E-011, 
 63.80,  -4.55E-011, 
 63.90,  -3.94E-011, 
 64.00,  -7.41E-011, 
 64.10,  -7.45E-011, 
 64.20,  -5.16E-011, 
 64.30,  -4.98E-011, 
 64.40,  -5.81E-011, 
 64.50,  -1.82E-011, 
 64.60,  -1.73E-011, 
 64.70,   8.23E-012, 
 64.80,  -1.08E-011, 
 64.90,   1.17E-011, 
 65.00,   3.21E-011, 
 65.10,   1.69E-011, 
 65.20,   3.12E-011, 
 65.30,   7.24E-011, 
 65.40,   9.32E-011, 
 65.50,   5.07E-011, 
 65.60,  -4.38E-011, 
 65.70,  -2.82E-011, 
 65.80,   2.47E-011, 
 65.90,   2.38E-011, 
 66.00,  -1.86E-011, 
 66.10,   3.94E-011, 
 66.20,  -2.99E-011, 
 66.30,  -1.17E-011, 
 66.40,  -5.07E-011, 
 66.50,  -6.28E-011, 
 66.60,  -5.16E-011, 
 66.70,  -4.33E-012, 
 66.80,   2.08E-011, 
 66.90,  -3.21E-011, 
 67.00,  -7.63E-011, 
 67.10,   3.90E-012, 
 67.20,  -2.08E-011, 
 67.30,   1.47E-011, 
 67.40,   8.23E-012, 
 67.50,  -1.17E-011, 
 67.60,  -4.51E-011, 
 67.70,   1.52E-011, 
 67.80,   7.80E-012, 
 67.90,  -3.77E-011, 
 68.00,  -2.25E-011, 
 68.10,  -6.41E-011, 
 68.20,  -8.97E-011, 
 68.30,  -3.47E-011, 
 68.40,   5.50E-011, 
 68.50,   3.55E-011, 
 68.60,  -1.30E-012, 
 68.70,  -3.03E-011, 
 68.80,  -7.28E-011, 
 68.90,  -7.37E-012, 
 69.00,   7.24E-011, 
 69.10,   3.64E-011, 
 69.20,  -3.94E-011, 
 69.30,  -3.47E-011, 
 69.40,   2.17E-011, 
 69.50,   6.85E-011, 
 69.60,   1.78E-011, 
 69.70,  -4.90E-011, 
 69.80,  -4.68E-011, 
 69.90,  -7.76E-011, 
 70.00,  -6.11E-011, 
 70.10,  -2.17E-012, 
 70.20,  -1.52E-011, 
 70.30,  -9.79E-011, 
 70.40,  -7.45E-011, 
 70.50,  -8.54E-011, 
 70.60,  -7.50E-011, 
 70.70,  -1.16E-010, 
 70.80,  -9.36E-011, 
 70.90,  -8.49E-011, 
 71.00,  -5.24E-011, 
 71.10,  -5.42E-011, 
 71.20,  -4.38E-011, 
 71.30,  -8.10E-011, 
 71.40,  -7.19E-011, 
 71.50,  -3.34E-011, 
 71.60,   1.34E-011, 
 71.70,   5.89E-011, 
 71.80,  -2.95E-011, 
 71.90,  -2.34E-011, 
 72.00,  -8.67E-013, 
 72.10,   1.08E-011, 
 72.20,   5.11E-011, 
 72.30,  -2.60E-012, 
 72.40,  -3.21E-011, 
 72.50,   1.26E-011, 
 72.60,   3.99E-011, 
 72.70,   7.80E-012, 
 72.80,  -2.34E-011, 
 72.90,  -3.68E-011, 
 73.00,  -1.26E-011, 
 73.10,   6.93E-012, 
 73.20,  -2.08E-011, 
 73.30,   6.50E-012, 
 73.40,  -2.43E-011, 
 73.50,  -4.38E-011, 
 73.60,  -6.11E-011, 
 73.70,  -7.76E-011, 
 73.80,  -1.65E-011, 
 73.90,  -6.28E-011, 
 74.00,  -4.98E-011, 
 74.10,  -2.12E-011, 
 74.20,  -2.04E-011, 
 74.30,  -4.07E-011, 
 74.40,   1.21E-011, 
 74.50,  -5.03E-011, 
 74.60,  -3.03E-011, 
 74.70,  -4.25E-011, 
 74.80,  -7.58E-011, 
 74.90,  -2.17E-012, 
 75.00,  -2.60E-012, 
 75.10,  -1.04E-011, 
 75.20,  -3.08E-011, 
 75.30,  -2.82E-011, 
 75.40,   1.73E-012, 
 75.50,  -1.34E-011, 
 75.60,  -2.86E-011, 
 75.70,  -1.17E-011, 
 75.80,  -4.90E-011, 
 75.90,  -5.37E-011, 
 76.00,  -1.33E-010, 
 76.10,  -1.22E-010, 
 76.20,  -1.04E-010, 
 76.30,  -7.93E-011, 
 76.40,  -9.53E-011, 
 76.50,  -4.12E-011, 
 76.60,   2.77E-011, 
 76.70,   1.39E-011, 
 76.80,  -1.30E-012, 
 76.90,  -3.55E-011, 
 77.00,   3.16E-011, 
 77.10,  -3.90E-012, 
 77.20,  -2.95E-011, 
 77.30,  -5.59E-011, 
 77.40,  -4.03E-011, 
 77.50,  -5.37E-011, 
 77.60,  -3.51E-011, 
 77.70,  -4.81E-011, 
 77.80,  -3.81E-011, 
 77.90,  -4.46E-011, 
 78.00,  -4.64E-011, 
 78.10,  -1.86E-011, 
 78.20,  -2.60E-011, 
 78.30,  -5.63E-011, 
 78.40,  -1.34E-011, 
 78.50,  -1.13E-011, 
 78.60,   5.59E-011, 
 78.70,   1.05E-010, 
 78.80,   5.85E-011, 
 78.90,   3.08E-011, 
 79.00,   1.43E-011, 
 79.10,   5.63E-012, 
 79.20,   3.64E-011, 
 79.30,   5.76E-011, 
 79.40,   1.08E-011, 
 79.50,  -9.53E-012, 
 79.60,   8.67E-013, 
 79.70,   9.10E-012, 
 79.80,   3.90E-011, 
 79.90,   1.43E-011, 
 80.00,   2.30E-011, 
 80.10,   2.47E-011, 
 80.20,   4.98E-011, 
 80.30,   6.98E-011, 
 80.40,   3.60E-011, 
 80.50,  -3.29E-011, 
 80.60,  -5.24E-011, 
 80.70,  -4.16E-011, 
 80.80,  -3.86E-011, 
 80.90,  -1.78E-011, 
 81.00,  -3.94E-011, 
 81.10,  -1.21E-011, 
 81.20,  -1.78E-011, 
 81.30,  -3.86E-011, 
 81.40,  -1.21E-011, 
 81.50,   1.26E-011, 
 81.60,   4.72E-011, 
 81.70,   5.68E-011, 
 81.80,   2.08E-011, 
 81.90,  -4.03E-011, 
 82.00,  -5.24E-011, 
 82.10,   2.38E-011, 
 82.20,  -4.33E-013, 
 82.30,  -6.15E-011, 
 82.40,  -6.59E-011, 
 82.50,  -3.55E-011, 
 82.60,  -4.16E-011, 
 82.70,  -5.68E-011, 
 82.80,  -6.76E-011, 
 82.90,  -5.76E-011, 
 83.00,  -8.97E-011, 
 83.10,  -6.28E-011, 
 83.20,  -9.71E-011, 
 83.30,  -1.34E-010, 
 83.40,  -1.01E-010, 
 83.50,  -4.94E-011, 
 83.60,  -7.24E-011, 
 83.70,  -9.88E-011, 
 83.80,  -7.63E-011, 
 83.90,  -8.28E-011, 
 84.00,  -6.59E-011, 
 84.10,  -6.89E-011, 
 84.20,  -1.99E-011, 
 84.30,  -9.10E-012, 
 84.40,  -5.85E-011, 
 84.50,  -8.41E-011, 
 84.60,  -7.89E-011, 
 84.70,  -8.23E-012, 
 84.80,  -1.52E-011, 
 84.90,  -7.02E-011, 
 85.00,  -1.00E-010, 
 85.10,  -8.06E-011, 
 85.20,  -2.30E-011, 
 85.30,  -1.95E-011, 
 85.40,   1.78E-011, 
 85.50,   5.81E-011, 
 85.60,  -1.73E-012, 
 85.70,   6.50E-012, 
 85.80,  -6.89E-011, 
 85.90,  -4.55E-011, 
 86.00,  -1.82E-011, 
 86.10,  -2.64E-011, 
 86.20,  -1.13E-011, 
 86.30,  -1.69E-011, 
 86.40,  -1.08E-011, 
 86.50,  -3.77E-011, 
 86.60,  -5.63E-012, 
 86.70,  -1.69E-011, 
 86.80,  -1.56E-011, 
 86.90,   1.86E-011, 
 87.00,   3.90E-012, 
 87.10,   6.07E-012, 
 87.20,   3.90E-011, 
 87.30,   5.20E-011, 
 87.40,   3.12E-011, 
 87.50,  -1.43E-011, 
 87.60,  -4.42E-011, 
 87.70,  -3.77E-011, 
 87.80,   4.33E-012, 
 87.90,   6.07E-012, 
 88.00,  -1.17E-011, 
 88.10,   1.39E-011, 
 88.20,   7.93E-011, 
 88.30,   9.71E-011, 
 88.40,   5.89E-011, 
 88.50,   4.33E-012, 
 88.60,   3.60E-011, 
 88.70,   4.55E-011, 
 88.80,  -1.34E-011, 
 88.90,  -1.73E-011, 
 89.00,  -4.12E-011, 
 89.10,  -4.98E-011, 
 89.20,  -3.86E-011, 
 89.30,  -1.34E-011, 
 89.40,   2.77E-011, 
 89.50,   3.29E-011, 
 89.60,   2.82E-011, 
 89.70,   6.93E-012, 
 89.80,  -4.03E-011, 
 89.90,  -2.43E-011, 
 90.00,  -2.51E-011, 
 90.10,  -6.67E-011, 
 90.20,  -5.33E-011, 
 90.30,  -1.00E-010, 
 90.40,  -9.79E-011, 
 90.50,  -7.41E-011, 
 90.60,  -5.72E-011, 
 90.70,  -4.64E-011, 
 90.80,  -6.93E-011, 
 90.90,  -9.62E-011, 
 91.00,  -1.04E-010, 
 91.10,  -8.71E-011, 
 91.20,  -5.50E-011, 
 91.30,  -7.93E-011, 
 91.40,  -7.80E-011, 
 91.50,  -7.89E-011, 
 91.60,  -8.06E-011, 
 91.70,  -5.03E-011, 
 91.80,  -4.72E-011, 
 91.90,  -2.69E-011, 
 92.00,  -6.85E-011, 
 92.10,  -7.11E-011, 
 92.20,  -1.78E-011, 
 92.30,  -2.17E-012, 
 92.40,   3.47E-012, 
 92.50,  -3.77E-011, 
 92.60,   7.89E-011, 
 92.70,   1.10E-010, 
 92.80,   1.73E-011, 
 92.90,  -1.30E-011, 
 93.00,  -4.42E-011, 
 93.10,  -4.51E-011, 
 93.20,  -4.55E-011, 
 93.30,  -3.68E-011, 
 93.40,  -9.10E-012, 
 93.50,  -3.55E-011, 
 93.60,  -5.20E-011, 
 93.70,  -4.29E-011, 
 93.80,  -1.99E-011, 
 93.90,  -4.51E-011, 
 94.00,  -7.45E-011, 
 94.10,  -2.51E-011, 
 94.20,   1.43E-011, 
 94.30,  -3.34E-011, 
 94.40,  -6.37E-011, 
 94.50,  -5.29E-011, 
 94.60,  -5.55E-011, 
 94.70,  -3.81E-011, 
 94.80,   1.73E-011, 
 94.90,   5.68E-011, 
 95.00,   7.06E-011, 
 95.10,   5.72E-011, 
 95.20,   6.28E-011, 
 95.30,   3.03E-011, 
 95.40,   4.29E-011, 
 95.50,   5.76E-011, 
 95.60,   4.81E-011, 
 95.70,   4.07E-011, 
 95.80,   4.29E-011, 
 95.90,  -4.07E-011, 
 96.00,  -7.41E-011, 
 96.10,  -3.90E-011, 
 96.20,   2.21E-011, 
 96.30,   2.08E-011, 
 96.40,   4.81E-011, 
 96.50,   2.82E-011, 
 96.60,  -2.73E-011, 
 96.70,   2.47E-011, 
 96.80,  -3.60E-011, 
 96.90,  -3.81E-011, 
 97.00,   4.16E-011, 
 97.10,   2.69E-011, 
 97.20,   4.38E-011, 
 97.30,   6.63E-011, 
 97.40,   8.02E-011, 
 97.50,  -8.67E-013, 
 97.60,  -2.34E-011, 
 97.70,  -4.20E-011, 
 97.80,  -5.07E-011, 
 97.90,   2.90E-011, 
 98.00,   5.29E-011, 
 98.10,  -8.23E-012, 
 98.20,  -4.16E-011, 
 98.30,   8.23E-012, 
 98.40,   7.02E-011, 
 98.50,   2.86E-011, 
 98.60,  -1.34E-011, 
 98.70,  -9.97E-012, 
 98.80,  -4.77E-012, 
 98.90,  -4.68E-011, 
 99.00,  -3.08E-011, 
 99.10,  -5.16E-011, 
 99.20,  -5.98E-011, 
 99.30,  -2.12E-011, 
 99.40,  -5.89E-011, 
 99.50,  -2.77E-011, 
 99.60,  -1.43E-011, 
 99.70,  -1.99E-011, 
 99.80,  -3.86E-011, 
 99.90,  -8.23E-011, 
 100.00,  -5.33E-011, 
 100.10,  -2.82E-011, 
 100.20,  -5.46E-011, 
 100.30,  -3.21E-011, 
 100.40,  -4.42E-011, 
 100.50,  -2.51E-011, 
 100.60,  -1.30E-012, 
 100.70,  -7.54E-011, 
 100.80,  -1.07E-010, 
 100.90,  -9.40E-011, 
 101.00,  -3.25E-011, 
 101.10,  -6.98E-011, 
 101.20,  -9.36E-011, 
 101.30,  -4.64E-011, 
 101.40,  -3.64E-011, 
 101.50,  -4.72E-011, 
 101.60,   2.86E-011, 
 101.70,  -1.91E-011, 
 101.80,  -1.56E-011, 
 101.90,  -2.25E-011, 
 102.00,  -6.07E-011, 
 102.10,  -4.16E-011, 
 102.20,   9.97E-012, 
 102.30,  -2.30E-011, 
 102.40,  -5.16E-011, 
 102.50,  -7.45E-011, 
 102.60,  -5.98E-011, 
 102.70,  -4.55E-011, 
 102.80,  -3.90E-011, 
 102.90,  -8.97E-011, 
 103.00,  -7.02E-011, 
 103.10,  -4.20E-011, 
 103.20,  -2.90E-011, 
 103.30,  -4.77E-012, 
 103.40,  -7.71E-011, 
 103.50,  -3.34E-011, 
 103.60,   2.90E-011, 
 103.70,  -1.82E-011, 
 103.80,  -4.29E-011, 
 103.90,  -4.25E-011, 
 104.00,  -9.10E-012, 
 104.10,  -4.98E-011, 
 104.20,  -1.17E-010, 
 104.30,  -1.08E-010, 
 104.40,  -1.25E-010, 
 104.50,  -1.03E-010, 
 104.60,  -9.40E-011, 
 104.70,  -1.38E-010, 
 104.80,  -1.49E-010, 
 104.90,  -8.02E-011, 
 105.00,  -8.28E-011, 
 105.10,  -6.02E-011, 
 105.20,   1.34E-011, 
 105.30,   1.52E-011, 
 105.40,   2.77E-011, 
 105.50,  -1.43E-011, 
 105.60,  -9.10E-012, 
 105.70,   2.86E-011, 
 105.80,  -4.68E-011, 
 105.90,  -6.93E-011, 
 106.00,  -7.02E-011, 
 106.10,   2.17E-011, 
 106.20,   4.59E-011, 
 106.30,   9.10E-012, 
 106.40,  -3.64E-011, 
 106.50,  -4.98E-011, 
 106.60,  -5.03E-011, 
 106.70,   3.03E-012, 
 106.80,   9.97E-012, 
 106.90,   8.67E-012, 
 107.00,  -1.43E-011, 
 107.10,  -5.03E-011, 
 107.20,  -8.62E-011, 
 107.30,  -6.89E-011, 
 107.40,  -4.59E-011, 
 107.50,  -1.26E-011, 
 107.60,  -3.60E-011, 
 107.70,   4.33E-012, 
 107.80,   6.93E-012, 
 107.90,  -2.73E-011, 
 108.00,   2.60E-012, 
 108.10,   1.34E-011, 
 108.20,   1.21E-011, 
 108.30,  -2.17E-012, 
 108.40,  -5.16E-011, 
 108.50,  -5.59E-011, 
 108.60,  -5.68E-011, 
 108.70,  -7.41E-011, 
 108.80,  -1.39E-011, 
 108.90,  -3.77E-011, 
 109.00,  -4.12E-011, 
 109.10,  -1.56E-011, 
 109.20,   6.50E-012, 
 109.30,  -2.51E-011, 
 109.40,  -2.90E-011, 
 109.50,  -3.94E-011, 
 109.60,  -1.73E-011, 
 109.70,  -1.52E-011, 
 109.80,  -5.20E-011, 
 109.90,  -4.72E-011, 
 110.00,  -3.73E-011, 
 110.10,   6.07E-012, 
 110.20,  -1.91E-011, 
 110.30,  -5.46E-011, 
 110.40,  -1.69E-011, 
 110.50,  -2.56E-011, 
 110.60,  -2.17E-012, 
 110.70,  -7.80E-012, 
 110.80,  -5.55E-011, 
 110.90,  -1.22E-010, 
 111.00,  -6.24E-011, 
 111.10,   2.43E-011, 
 111.20,   3.99E-011, 
 111.30,  -2.60E-011, 
 111.40,  -1.17E-011, 
 111.50,  -2.30E-011, 
 111.60,  -2.43E-011, 
 111.70,  -3.08E-011, 
 111.80,  -7.19E-011, 
 111.90,  -1.16E-010, 
 112.00,  -9.01E-011, 
 112.10,  -1.36E-010, 
 112.20,  -9.62E-011, 
 112.30,  -7.45E-011, 
 112.40,  -5.55E-011, 
 112.50,  -4.07E-011, 
 112.60,  -5.55E-011, 
 112.70,  -4.81E-011, 
 112.80,  -6.93E-011, 
 112.90,  -3.42E-011, 
 113.00,  -7.11E-011, 
 113.10,  -2.43E-011, 
 113.20,  -2.82E-011, 
 113.30,  -2.77E-011, 
 113.40,  -6.20E-011, 
 113.50,  -3.38E-011, 
 113.60,  -7.76E-011, 
 113.70,  -9.40E-011, 
 113.80,  -6.41E-011, 
 113.90,  -2.60E-012, 
 114.00,   4.72E-011, 
 114.10,   2.43E-011, 
 114.20,   3.86E-011, 
 114.30,   3.90E-012, 
 114.40,  -6.80E-011, 
 114.50,  -1.17E-010, 
 114.60,  -1.14E-010, 
 114.70,  -5.72E-011, 
 114.80,   2.60E-012, 
 114.90,  -2.08E-011, 
 115.00,  -4.38E-011, 
 115.10,   8.67E-013, 
 115.20,   1.86E-011, 
 115.30,   4.42E-011, 
 115.40,   1.47E-011, 
 115.50,  -1.13E-011, 
 115.60,  -6.37E-011, 
 115.70,  -1.09E-010, 
 115.80,  -9.62E-011, 
 115.90,  -9.01E-011, 
 116.00,  -8.75E-011, 
 116.10,  -5.37E-011, 
 116.20,  -7.67E-011, 
 116.30,  -1.23E-010, 
 116.40,  -1.08E-010, 
 116.50,  -1.14E-010, 
 116.60,  -6.63E-011, 
 116.70,  -6.11E-011, 
 116.80,  -8.75E-011, 
 116.90,  -5.29E-011, 
 117.00,  -6.50E-011, 
 117.10,   1.26E-011, 
 117.20,   5.11E-011, 
 117.30,   4.64E-011, 
 117.40,   3.64E-011, 
 117.50,   5.37E-011, 
 117.60,  -9.97E-012, 
 117.70,   1.43E-011, 
 117.80,  -5.63E-011, 
 117.90,  -9.79E-011, 
 118.00,  -5.42E-011, 
 118.10,  -1.78E-011, 
 118.20,   8.15E-011, 
 118.30,   4.77E-012, 
 118.40,  -6.67E-011, 
 118.50,  -4.59E-011, 
 118.60,  -4.42E-011, 
 118.70,  -5.55E-011, 
 118.80,  -1.30E-011, 
 118.90,   3.12E-011, 
 119.00,  -4.29E-011, 
 119.10,  -6.15E-011, 
 119.20,   8.23E-012, 
 119.30,   2.82E-011, 
 119.40,  -2.99E-011, 
 119.50,  -3.47E-012, 
 119.60,  -9.97E-012, 
 119.70,  -6.33E-011, 
 119.80,  -1.25E-010, 
 119.90,  -9.40E-011, 
 120.00,  -7.19E-011, 
 120.10,  -3.77E-011, 
 120.20,  -5.46E-011, 
 120.30,  -9.45E-011, 
 120.40,  -8.23E-011, 
 120.50,  -6.59E-011, 
 120.60,  -1.43E-011, 
 120.70,  -2.64E-011, 
 120.80,   1.30E-012, 
 120.90,  -1.78E-011, 
 121.00,   5.81E-011, 
 121.10,   6.50E-011, 
 121.20,   3.64E-011, 
 121.30,  -1.65E-011, 
 121.40,  -3.29E-011, 
 121.50,  -9.10E-012, 
 121.60,   4.77E-012, 
 121.70,  -2.60E-012, 
 121.80,   3.77E-011, 
 121.90,   2.17E-012, 
 122.00,   1.04E-011, 
 122.10,  -5.59E-011, 
 122.20,  -5.29E-011, 
 122.30,  -5.63E-011, 
 122.40,  -6.41E-011, 
 122.50,  -6.59E-011, 
 122.60,  -5.46E-011, 
 122.70,  -7.24E-011, 
 122.80,  -6.02E-011, 
 122.90,  -1.21E-011, 
 123.00,  -4.68E-011, 
 123.10,  -3.90E-011, 
 123.20,  -2.77E-011, 
 123.30,  -9.53E-012, 
 123.40,   4.29E-011, 
 123.50,   1.34E-011, 
 123.60,  -3.03E-011, 
 123.70,  -6.24E-011, 
 123.80,  -1.52E-011, 
 123.90,  -3.99E-011, 
 124.00,  -3.81E-011, 
 124.10,   1.91E-011, 
 124.20,  -8.23E-012, 
 124.30,  -6.02E-011, 
 124.40,  -4.98E-011, 
 124.50,  -4.68E-011, 
 124.60,  -6.28E-011, 
 124.70,  -5.07E-011, 
 124.80,  -4.68E-011, 
 124.90,  -3.03E-012, 
 125.00,   2.90E-011, 
 125.10,   1.69E-011, 
 125.20,  -1.34E-011, 
 125.30,  -9.97E-012, 
 125.40,  -3.16E-011, 
 125.50,  -1.26E-011, 
 125.60,   2.60E-012, 
 125.70,   2.60E-011, 
 125.80,  -1.26E-011, 
 125.90,  -6.59E-011, 
 126.00,  -9.23E-011, 
 126.10,  -3.86E-011, 
 126.20,  -1.73E-012, 
 126.30,   3.60E-011, 
 126.40,   4.33E-013, 
 126.50,  -6.50E-012, 
 126.60,  -4.68E-011, 
 126.70,  -2.73E-011, 
 126.80,  -3.60E-011, 
 126.90,  -3.90E-012, 
 127.00,  -9.97E-012, 
 127.10,  -1.91E-011, 
 127.20,  -2.86E-011, 
 127.30,  -3.51E-011, 
 127.40,  -5.42E-011, 
 127.50,  -4.29E-011, 
 127.60,  -4.46E-011, 
 127.70,  -7.76E-011, 
 127.80,  -6.59E-011, 
 127.90,  -9.19E-011, 
 128.00,  -1.06E-010, 
 128.10,  -9.62E-011, 
 128.20,  -7.63E-011, 
 128.30,  -8.15E-011, 
 128.40,  -5.33E-011, 
 128.50,  -3.47E-012, 
 128.60,   2.12E-011, 
 128.70,   3.42E-011, 
 128.80,   3.16E-011, 
 128.90,  -2.60E-012, 
 129.00,  -3.42E-011, 
 129.10,  -8.32E-011, 
 129.20,  -7.76E-011, 
 129.30,  -7.76E-011, 
 129.40,  -1.11E-010, 
 129.50,  -7.19E-011, 
 129.60,  -7.24E-011, 
 129.70,  -1.43E-011, 
 129.80,  -5.11E-011, 
 129.90,  -5.59E-011, 
 130.00,  -2.60E-011, 
 130.10,   2.30E-011, 
 130.20,   4.07E-011, 
 130.30,   4.38E-011, 
 130.40,   5.20E-011, 
 130.50,   4.81E-011, 
 130.60,   6.11E-011, 
 130.70,   5.63E-011, 
 130.80,  -1.39E-011, 
 130.90,  -3.55E-011, 
 131.00,   4.03E-011, 
 131.10,   1.43E-011, 
 131.20,   1.73E-011, 
 131.30,  -2.30E-011, 
 131.40,   3.90E-012, 
 131.50,   2.04E-011, 
 131.60,   2.86E-011, 
 131.70,   5.20E-012, 
 131.80,   2.04E-011, 
 131.90,   1.99E-011, 
 132.00,  -6.85E-011, 
 132.10,  -9.71E-011, 
 132.20,  -1.01E-010, 
 132.30,  -1.00E-010, 
 132.40,  -1.17E-010, 
 132.50,  -9.45E-011, 
 132.60,  -9.14E-011, 
 132.70,  -9.62E-011, 
 132.80,  -1.18E-010, 
 132.90,  -9.62E-011, 
 133.00,  -3.64E-011, 
 133.10,  -2.82E-011, 
 133.20,  -4.51E-011, 
 133.30,  -8.15E-011, 
 133.40,  -1.52E-010, 
 133.50,  -1.46E-010, 
 133.60,  -9.06E-011, 
 133.70,  -4.98E-011, 
 133.80,  -7.19E-011, 
 133.90,  -9.92E-011, 
 134.00,  -7.28E-011, 
 134.10,  -3.55E-011, 
 134.20,   9.53E-012, 
 134.30,  -2.17E-011, 
 134.40,  -2.77E-011, 
 134.50,  -3.90E-011, 
 134.60,  -6.11E-011, 
 134.70,  -3.08E-011, 
 134.80,  -4.33E-012, 
 134.90,  -7.54E-011, 
 135.00,  -3.94E-011, 
 135.10,   1.52E-011, 
 135.20,  -1.82E-011, 
 135.30,   7.80E-012, 
 135.40,  -7.11E-011, 
 135.50,  -7.02E-011, 
 135.60,  -6.33E-011, 
 135.70,  -1.69E-011, 
 135.80,  -8.71E-011, 
 135.90,  -9.32E-011, 
 136.00,  -4.94E-011, 
 136.10,  -3.03E-011, 
 136.20,  -2.25E-011, 
 136.30,   1.95E-011, 
 136.40,   5.63E-011, 
 136.50,   7.41E-011, 
 136.60,   5.42E-011, 
 136.70,   7.71E-011, 
 136.80,   9.23E-011, 
 136.90,   6.85E-011, 
 137.00,   3.60E-011, 
 137.10,   1.04E-011, 
 137.20,  -6.33E-011, 
 137.30,  -6.07E-011, 
 137.40,   4.33E-013, 
 137.50,   3.86E-011, 
 137.60,   3.03E-012, 
 137.70,   3.03E-011, 
 137.80,   4.46E-011, 
 137.90,  -5.81E-011, 
 138.00,  -1.01E-010, 
 138.10,  -7.84E-011, 
 138.20,  -6.24E-011, 
 138.30,  -7.15E-011, 
 138.40,  -5.29E-011, 
 138.50,  -1.21E-011, 
 138.60,   3.64E-011, 
 138.70,   1.73E-011, 
 138.80,  -6.24E-011, 
 138.90,  -1.13E-011, 
 139.00,   6.93E-012, 
 139.10,   6.24E-011, 
 139.20,   4.98E-011, 
 139.30,   3.73E-011, 
 139.40,   1.56E-011, 
 139.50,  -1.78E-011, 
 139.60,  -1.21E-011, 
 139.70,  -2.86E-011, 
 139.80,  -2.25E-011, 
 139.90,   1.52E-011, 
 140.00,   2.08E-011, 
 140.10,  -5.89E-011, 
 140.20,  -5.63E-011, 
 140.30,  -4.77E-012, 
 140.40,   4.59E-011, 
 140.50,   3.68E-011, 
 140.60,  -6.37E-011, 
 140.70,  -9.58E-011, 
 140.80,  -7.37E-011, 
 140.90,  -5.72E-011, 
 141.00,   3.47E-012, 
 141.10,   1.26E-011, 
 141.20,  -2.25E-011, 
 141.30,  -3.68E-011, 
 141.40,  -5.29E-011, 
 141.50,  -5.37E-011, 
 141.60,  -5.07E-011, 
 141.70,  -4.38E-011, 
 141.80,  -7.76E-011, 
 141.90,  -4.25E-011, 
 142.00,   1.34E-011, 
 142.10,   5.24E-011, 
 142.20,  -3.03E-012, 
 142.30,   1.30E-011, 
 142.40,   8.67E-013, 
 142.50,  -3.90E-012, 
 142.60,  -3.42E-011, 
 142.70,  -1.82E-011, 
 142.80,   1.82E-011, 
 142.90,  -1.95E-011, 
 143.00,   1.86E-011, 
 143.10,   4.77E-011, 
 143.20,   6.37E-011, 
 143.30,   8.06E-011, 
 143.40,   6.46E-011, 
 143.50,   4.12E-011, 
 143.60,   2.17E-012, 
 143.70,   5.24E-011, 
 143.80,   3.77E-011, 
 143.90,   6.11E-011, 
 144.00,   1.52E-011, 
 144.10,  -1.73E-011, 
 144.20,  -2.95E-011, 
 144.30,  -1.39E-011, 
 144.40,   1.08E-011, 
 144.50,   4.77E-012, 
 144.60,  -5.29E-011, 
 144.70,  -2.17E-011, 
 144.80,  -5.81E-011, 
 144.90,  -5.37E-011, 
 145.00,  -2.43E-011, 
 145.10,   2.64E-011, 
 145.20,   3.77E-011, 
 145.30,   1.52E-011, 
 145.40,  -3.60E-011, 
 145.50,  -5.37E-011, 
 145.60,  -5.72E-011, 
 145.70,  -1.43E-011, 
 145.80,   1.78E-011, 
 145.90,  -6.50E-012, 
 146.00,  -5.94E-011, 
 146.10,  -7.93E-011, 
 146.20,  -4.85E-011, 
 146.30,  -5.11E-011, 
 146.40,  -6.67E-011, 
 146.50,  -8.10E-011, 
 146.60,  -3.68E-011, 
 146.70,  -7.37E-012, 
 146.80,  -2.25E-011, 
 146.90,  -4.81E-011, 
 147.00,  -3.64E-011, 
 147.10,   4.16E-011, 
 147.20,   2.30E-011, 
 147.30,   1.13E-011, 
 147.40,  -4.85E-011, 
 147.50,  -4.68E-011, 
 147.60,   9.97E-012, 
 147.70,   5.20E-011, 
 147.80,  -2.60E-012, 
 147.90,  -1.78E-011, 
 148.00,  -3.99E-011, 
 148.10,   5.63E-012, 
 148.20,   6.07E-012, 
 148.30,  -1.78E-011, 
 148.40,  -1.30E-011, 
 148.50,   3.03E-011, 
 148.60,   2.34E-011, 
 148.70,  -7.37E-012, 
 148.80,  -9.97E-012, 
 148.90,  -3.99E-011, 
 149.00,   4.33E-012, 
 149.10,   3.81E-011, 
 149.20,   1.95E-011, 
 149.30,  -9.10E-012, 
 149.40,   2.95E-011, 
 149.50,   8.67E-013, 
 149.60,  -2.21E-011, 
 149.70,  -4.81E-011, 
 149.80,  -2.99E-011, 
 149.90,   1.78E-011, 
 150.00,   4.42E-011, 
 150.10,   4.25E-011, 
 150.20,   9.53E-011, 
 150.30,   7.63E-011, 
 150.40,   9.10E-011, 
 150.50,   5.07E-011, 
 150.60,  -5.20E-012, 
 150.70,  -4.42E-011, 
 150.80,  -4.55E-011, 
 150.90,  -3.55E-011, 
 151.00,  -2.51E-011, 
 151.10,   1.30E-011, 
 151.20,   3.90E-012, 
 151.30,   1.47E-011, 
 151.40,   7.97E-011, 
 151.50,   3.90E-011, 
 151.60,   7.11E-011, 
 151.70,   5.81E-011, 
 151.80,  -1.73E-011, 
 151.90,  -1.13E-011, 
 152.00,   1.99E-011, 
 152.10,   4.42E-011, 
 152.20,   6.24E-011, 
 152.30,   3.03E-011, 
 152.40,   3.03E-011, 
 152.50,  -1.56E-011, 
 152.60,  -3.90E-012, 
 152.70,  -2.60E-011, 
 152.80,  -3.68E-011, 
 152.90,  -5.33E-011, 
 153.00,  -1.21E-011, 
 153.10,  -4.25E-011, 
 153.20,   3.68E-011, 
 153.30,   1.17E-010, 
 153.40,   7.58E-011, 
 153.50,   5.11E-011, 
 153.60,   6.54E-011, 
 153.70,   6.50E-011, 
 153.80,   2.17E-011, 
 153.90,   3.81E-011, 
 154.00,   1.78E-011, 
 154.10,  -5.63E-012, 
 154.20,   6.11E-011, 
 154.30,   7.54E-011, 
 154.40,   4.90E-011, 
 154.50,   5.94E-011, 
 154.60,   1.39E-011, 
 154.70,   5.03E-011, 
 154.80,   5.46E-011, 
 154.90,   6.28E-011, 
 155.00,   3.68E-011, 
 155.10,  -3.03E-012, 
 155.20,   8.67E-012, 
 155.30,   3.86E-011, 
 155.40,   2.25E-011, 
 155.50,  -2.90E-011, 
 155.60,  -4.25E-011, 
 155.70,  -3.55E-011, 
 155.80,  -2.90E-011, 
 155.90,  -1.22E-010, 
 156.00,  -1.22E-010, 
 156.10,  -3.08E-011, 
 156.20,   7.11E-011, 
 156.30,   6.28E-011, 
 156.40,   4.20E-011, 
 156.50,  -4.33E-012, 
 156.60,   1.21E-011, 
 156.70,   0.00E+000, 
 156.80,   1.52E-011, 
 156.90,  -1.30E-012, 
 157.00,   9.97E-012, 
 157.10,  -1.47E-011, 
 157.20,  -4.12E-011, 
 157.30,   1.04E-011, 
 157.40,   2.34E-011, 
 157.50,  -1.43E-011, 
 157.60,  -2.60E-011, 
 157.70,  -1.86E-011, 
 157.80,  -1.82E-011, 
 157.90,  -2.04E-011, 
 158.00,  -3.34E-011, 
 158.10,  -3.51E-011, 
 158.20,  -5.89E-011, 
 158.30,  -7.15E-011, 
 158.40,  -5.76E-011, 
 158.50,   2.95E-011, 
 158.60,   4.03E-011, 
 158.70,   2.12E-011, 
 158.80,   4.20E-011, 
 158.90,   2.56E-011, 
 159.00,   9.53E-012, 
 159.10,  -2.73E-011, 
 159.20,  -2.86E-011, 
 159.30,  -4.42E-011, 
 159.40,  -1.01E-010, 
 159.50,  -5.55E-011, 
 159.60,  -2.30E-011, 
 159.70,  -2.86E-011, 
 159.80,   2.25E-011, 
 159.90,  -1.69E-011, 
 160.00,   1.78E-011, 
 160.10,   7.28E-011, 
 160.20,   9.75E-011, 
 160.30,   1.14E-010, 
 160.40,   8.19E-011, 
 160.50,   2.43E-011, 
 160.60,   1.30E-012, 
 160.70,   5.42E-011, 
 160.80,  -5.63E-012, 
 160.90,  -3.90E-012, 
 161.00,   1.73E-012, 
 161.10,  -6.28E-011, 
 161.20,  -6.76E-011, 
 161.30,  -1.29E-010, 
 161.40,  -6.24E-011, 
 161.50,   3.51E-011, 
 161.60,   6.76E-011, 
 161.70,   5.94E-011, 
 161.80,   2.38E-011, 
 161.90,   1.99E-011, 
 162.00,   6.93E-012, 
 162.10,  -3.03E-012, 
 162.20,  -2.21E-011, 
 162.30,  -6.98E-011, 
 162.40,  -1.26E-011, 
 162.50,   6.24E-011, 
 162.60,   4.77E-011, 
 162.70,  -6.07E-012, 
 162.80,  -5.11E-011, 
 162.90,  -3.68E-011, 
 163.00,  -1.52E-011, 
 163.10,  -6.93E-011, 
 163.20,  -8.49E-011, 
 163.30,  -6.67E-011, 
 163.40,  -3.60E-011, 
 163.50,   1.52E-011, 
 163.60,   8.67E-012, 
 163.70,   9.10E-012, 
 163.80,   1.23E-010, 
 163.90,   7.02E-011, 
 164.00,   6.07E-012, 
 164.10,   2.25E-011, 
 164.20,  -6.07E-012, 
 164.30,  -6.33E-011, 
 164.40,  -7.41E-011, 
 164.50,  -1.03E-010, 
 164.60,  -3.86E-011, 
 164.70,  -4.07E-011, 
 164.80,   4.77E-012, 
 164.90,  -1.21E-011, 
 165.00,  -4.03E-011, 
 165.10,  -7.37E-011, 
 165.20,  -1.33E-010, 
 165.30,  -7.24E-011, 
 165.40,  -4.59E-011, 
 165.50,  -5.63E-011, 
 165.60,  -8.36E-011, 
 165.70,  -1.14E-010, 
 165.80,  -1.16E-010, 
 165.90,  -9.45E-011, 
 166.00,  -5.85E-011, 
 166.10,  -2.21E-011, 
 166.20,  -4.33E-011, 
 166.30,  -6.93E-011, 
 166.40,  -7.67E-011, 
 166.50,  -4.55E-011, 
 166.60,  -4.38E-011, 
 166.70,  -3.16E-011, 
 166.80,  -1.30E-012, 
 166.90,  -2.43E-011, 
 167.00,  -6.15E-011, 
 167.10,  -3.55E-011, 
 167.20,  -3.86E-011, 
 167.30,  -3.68E-011, 
 167.40,  -3.21E-011, 
 167.50,  -3.42E-011, 
 167.60,  -3.29E-011, 
 167.70,  -5.76E-011, 
 167.80,  -1.09E-010, 
 167.90,  -1.14E-010, 
 168.00,  -1.45E-010, 
 168.10,  -1.46E-010, 
 168.20,  -8.28E-011, 
 168.30,  -7.19E-011, 
 168.40,  -8.19E-011, 
 168.50,  -1.08E-010, 
 168.60,  -1.07E-010, 
 168.70,  -1.17E-010, 
 168.80,  -1.18E-010, 
 168.90,  -1.48E-010, 
 169.00,  -1.90E-010, 
 169.10,  -1.17E-010, 
 169.20,  -1.91E-011, 
 169.30,  -7.80E-012, 
 169.40,  -9.10E-012, 
 169.50,  -3.68E-011, 
 169.60,  -6.63E-011, 
 169.70,  -1.20E-010, 
 169.80,  -6.85E-011, 
 169.90,  -4.38E-011, 
 170.00,  -4.85E-011, 
 170.10,  -6.85E-011, 
 170.20,  -6.98E-011, 
 170.30,  -6.93E-011, 
 170.40,  -5.29E-011, 
 170.50,  -3.29E-011, 
 170.60,  -6.93E-012, 
 170.70,   1.17E-011, 
 170.80,   6.07E-011, 
 170.90,   4.72E-011, 
 171.00,   1.43E-011, 
 171.10,  -1.56E-011, 
 171.20,  -2.73E-011, 
 171.30,  -3.47E-012, 
 171.40,   3.25E-011, 
 171.50,   5.85E-011, 
 171.60,   8.67E-013, 
 171.70,  -4.64E-011, 
 171.80,   2.77E-011, 
 171.90,   6.63E-011, 
 172.00,   1.73E-011, 
 172.10,  -2.95E-011, 
 172.20,  -7.58E-011, 
 172.30,  -8.93E-011, 
 172.40,  -4.90E-011, 
 172.50,   8.23E-012, 
 172.60,   2.99E-011, 
 172.70,   8.10E-011, 
 172.80,   6.63E-011, 
 172.90,   5.03E-011, 
 173.00,   1.30E-012, 
 173.10,   3.08E-011, 
 173.20,   3.51E-011, 
 173.30,  -2.99E-011, 
 173.40,  -6.15E-011, 
 173.50,  -6.11E-011, 
 173.60,  -8.84E-011, 
 173.70,  -9.27E-011, 
 173.80,  -6.41E-011, 
 173.90,  -9.62E-011, 
 174.00,  -1.54E-010, 
 174.10,  -1.76E-010, 
 174.20,  -1.79E-010, 
 174.30,  -1.56E-010, 
 174.40,  -1.24E-010, 
 174.50,  -8.06E-011, 
 174.60,  -3.29E-011, 
 174.70,  -3.25E-011, 
 174.80,  -1.73E-011, 
 174.90,  -2.51E-011, 
 175.00,  -5.63E-011, 
 175.10,  -2.30E-011, 
 175.20,   1.30E-012, 
 175.30,   1.86E-011, 
 175.40,   6.07E-012, 
 175.50,   9.97E-012, 
 175.60,  -9.97E-012, 
 175.70,  -2.90E-011, 
 175.80,  -6.28E-011, 
 175.90,   3.47E-011, 
 176.00,  -1.91E-011, 
 176.10,   3.29E-011, 
 176.20,   3.94E-011, 
 176.30,  -4.33E-013, 
 176.40,   8.67E-013, 
 176.50,  -1.30E-012, 
 176.60,   2.95E-011, 
 176.70,   2.34E-011, 
 176.80,   2.56E-011, 
 176.90,  -2.47E-011, 
 177.00,  -3.47E-011, 
 177.10,  -8.58E-011, 
 177.20,  -4.55E-011, 
 177.30,  -9.14E-011, 
 177.40,  -9.45E-011, 
 177.50,  -6.20E-011, 
 177.60,  -4.46E-011, 
 177.70,  -2.30E-011, 
 177.80,   3.03E-012, 
 177.90,  -1.26E-011, 
 178.00,  -4.98E-011, 
 178.10,  -6.98E-011, 
 178.20,  -4.90E-011, 
 178.30,   6.50E-012, 
 178.40,   6.93E-011, 
 178.50,   3.86E-011, 
 178.60,   4.29E-011, 
 178.70,   2.21E-011, 
 178.80,  -3.38E-011, 
 178.90,  -7.89E-011, 
 179.00,  -5.03E-011, 
 179.10,  -6.15E-011, 
 179.20,   3.81E-011, 
 179.30,   6.59E-011, 
 179.40,   2.51E-011, 
 179.50,  -4.42E-011, 
 179.60,   2.60E-012, 
 179.70,  -3.12E-011, 
 179.80,  -1.21E-011, 
 179.90,   3.12E-011, 
 180.00,   4.16E-011, 
 180.10,  -1.60E-011, 
 180.20,  -1.99E-011, 
 180.30,  -3.12E-011, 
 180.40,  -1.30E-012, 
 180.50,  -2.51E-011, 
 180.60,  -6.07E-011, 
 180.70,  -4.25E-011, 
 180.80,  -6.11E-011, 
 180.90,  -8.41E-011, 
 181.00,   1.13E-011, 
 181.10,  -8.23E-012, 
 181.20,   1.78E-011, 
 181.30,  -1.04E-011, 
 181.40,  -3.90E-012, 
 181.50,   8.67E-013, 
 181.60,   1.43E-011, 
 181.70,   1.99E-011, 
 181.80,  -4.33E-013, 
 181.90,  -1.73E-011, 
 182.00,   3.68E-011, 
 182.10,   2.56E-011, 
 182.20,  -4.64E-011, 
 182.30,   2.51E-011, 
 182.40,   5.98E-011, 
 182.50,  -5.63E-012, 
 182.60,  -5.37E-011, 
 182.70,  -4.59E-011, 
 182.80,  -4.29E-011, 
 182.90,  -3.94E-011, 
 183.00,  -4.33E-011, 
 183.10,  -6.02E-011, 
 183.20,  -9.62E-011, 
 183.30,  -7.02E-011, 
 183.40,  -3.99E-011, 
 183.50,  -2.12E-011, 
 183.60,  -2.17E-012, 
 183.70,   1.60E-011, 
 183.80,   1.65E-011, 
 183.90,   4.55E-011, 
 184.00,   3.90E-012, 
 184.10,  -2.38E-011, 
 184.20,  -1.26E-011, 
 184.30,  -4.42E-011, 
 184.40,  -3.38E-011, 
 184.50,  -2.08E-011, 
 184.60,  -6.50E-012, 
 184.70,   7.37E-012, 
 184.80,   6.02E-011, 
 184.90,   4.68E-011, 
 185.00,  -3.03E-012, 
 185.10,  -5.33E-011, 
 185.20,  -6.02E-011, 
 185.30,  -5.46E-011, 
 185.40,  -3.86E-011, 
 185.50,   4.64E-011, 
 185.60,   8.32E-011, 
 185.70,   1.39E-011, 
 185.80,  -4.46E-011, 
 185.90,  -4.59E-011, 
 186.00,  -4.46E-011, 
 186.10,  -1.34E-011, 
 186.20,  -9.49E-011, 
 186.30,  -1.05E-010, 
 186.40,  -8.02E-011, 
 186.50,  -5.85E-011, 
 186.60,  -8.97E-011, 
 186.70,  -6.89E-011, 
 186.80,  -7.54E-011, 
 186.90,  -1.17E-010, 
 187.00,  -8.97E-011, 
 187.10,  -1.08E-010, 
 187.20,  -1.08E-010, 
 187.30,  -6.76E-011, 
 187.40,   0.00E+000, 
 187.50,  -1.73E-012, 
 187.60,  -3.90E-012, 
 187.70,  -3.77E-011, 
 187.80,  -3.81E-011, 
 187.90,  -7.80E-011, 
 188.00,  -9.40E-011, 
 188.10,  -1.04E-010, 
 188.20,  -2.21E-011, 
 188.30,  -4.46E-011, 
 188.40,  -7.67E-011, 
 188.50,  -6.93E-011, 
 188.60,  -6.20E-011, 
 188.70,  -7.37E-011, 
 188.80,  -6.54E-011, 
 188.90,  -4.42E-011, 
 189.00,  -4.59E-011, 
 189.10,  -5.72E-011, 
 189.20,  -8.10E-011, 
 189.30,  -6.46E-011, 
 189.40,  -1.14E-010, 
 189.50,  -8.88E-011, 
 189.60,  -3.99E-011, 
 189.70,   4.33E-011, 
 189.80,   1.73E-011, 
 189.90,  -1.56E-011, 
 190.00,   1.78E-011, 
 190.10,   2.82E-011, 
 190.20,   7.84E-011, 
 190.30,   7.89E-011, 
 190.40,   5.42E-011, 
 190.50,   3.64E-011, 
 190.60,   4.16E-011, 
 190.70,   4.77E-011, 
 190.80,   5.63E-011, 
 190.90,  -2.17E-012, 
 191.00,  -7.28E-011, 
 191.10,  -1.27E-010, 
 191.20,  -7.37E-012, 
 191.30,   0.00E+000, 
 191.40,  -7.80E-012, 
 191.50,  -5.94E-011, 
 191.60,  -6.24E-011, 
 191.70,  -4.20E-011, 
 191.80,  -3.21E-011, 
 191.90,   1.26E-011, 
 192.00,   4.81E-011, 
 192.10,  -9.53E-012, 
 192.20,  -4.64E-011, 
 192.30,  -5.11E-011, 
 192.40,  -6.50E-011, 
 192.50,  -3.55E-011, 
 192.60,   1.52E-011, 
 192.70,  -1.82E-011, 
 192.80,  -6.15E-011, 
 192.90,  -4.64E-011, 
 193.00,  -7.15E-011, 
 193.10,  -3.38E-011, 
 193.20,   2.30E-011, 
 193.30,   6.50E-012, 
 193.40,  -5.46E-011, 
 193.50,  -9.97E-011, 
 193.60,  -8.32E-011, 
 193.70,  -4.46E-011, 
 193.80,  -7.41E-011, 
 193.90,  -6.72E-011, 
 194.00,  -5.76E-011, 
 194.10,  -8.93E-011, 
 194.20,  -5.98E-011, 
 194.30,  -8.28E-011, 
 194.40,  -8.23E-011, 
 194.50,  -8.36E-011, 
 194.60,  -9.32E-011, 
 194.70,  -1.23E-010, 
 194.80,  -6.85E-011, 
 194.90,  -5.11E-011, 
 195.00,   1.52E-011, 
 195.10,   3.38E-011, 
 195.20,  -2.17E-011, 
 195.30,  -3.34E-011, 
 195.40,   4.33E-013, 
 195.50,   3.81E-011, 
 195.60,   4.25E-011, 
 195.70,   6.59E-011, 
 195.80,   3.21E-011, 
 195.90,  -3.21E-011, 
 196.00,  -4.68E-011, 
 196.10,  -3.60E-011, 
 196.20,  -1.82E-011, 
 196.30,  -4.25E-011, 
 196.40,  -1.99E-011, 
 196.50,   8.23E-012, 
 196.60,  -1.56E-011, 
 196.70,  -3.03E-012, 
 196.80,  -1.56E-011, 
 196.90,   4.42E-011, 
 197.00,   3.12E-011, 
 197.10,  -2.60E-012, 
 197.20,  -2.25E-011, 
 197.30,  -2.17E-011, 
 197.40,  -3.77E-011, 
 197.50,   1.78E-011, 
 197.60,   2.99E-011, 
 197.70,  -2.38E-011, 
 197.80,  -2.64E-011, 
 197.90,  -7.24E-011, 
 198.00,  -1.17E-010, 
 198.10,  -7.15E-011, 
 198.20,  -1.60E-011, 
 198.30,  -3.29E-011, 
 198.40,  -3.42E-011, 
 198.50,  -8.58E-011, 
 198.60,  -6.98E-011, 
 198.70,  -5.03E-011, 
 198.80,  -4.29E-011, 
 198.90,  -6.24E-011, 
 199.00,  -5.20E-011, 
 199.10,  -4.85E-011, 
 199.20,  -4.81E-011, 
 199.30,   2.17E-012, 
 199.40,   5.50E-011, 
 199.50,  -3.47E-012, 
 199.60,  -5.03E-011, 
 199.70,  -3.77E-011, 
 199.80,  -5.37E-011, 
 199.90,  -7.11E-011, 
 200.00,  -6.67E-011, 
