Nov 17, 2019  02:46:13 PM
Residual Gas Analyzer Software 
Software Version, 3.216.001

Analog Scan Setup:

Data Points in Scan, 1991 
Units, Torr 
Noise Floor, 2 
CEM Status, OFF 
Points Per AMU, 10
Scan Start Mass, 1, amu 
Scan Stop Mass, 200, amu
Focus Voltage, 90, Volts 
Ion Energy, HIGH 
Electron Energy, 70, eV 
CEM Voltage, 1000, Volts
CEM Gain, 1.00E+006 
Sensitivity Factor, 1.00E-004 
Filament Current, 1.00, mAmps


  1.00,   1.90E-009, 
  1.10,   1.93E-009, 
  1.20,   2.21E-009, 
  1.30,   1.51E-008, 
  1.40,   7.24E-008, 
  1.50,   6.93E-008, 
  1.60,   4.81E-008, 
  1.70,   5.00E-008, 
  1.80,   5.52E-008, 
  1.90,   6.08E-008, 
  2.00,   6.55E-008, 
  2.10,   6.29E-008, 
  2.20,   5.54E-008, 
  2.30,   5.13E-008, 
  2.40,   3.94E-008, 
  2.50,   2.16E-008, 
  2.60,   9.12E-009, 
  2.70,   5.89E-009, 
  2.80,   4.82E-009, 
  2.90,   4.66E-009, 
  3.00,   5.15E-009, 
  3.10,   6.06E-009, 
  3.20,   7.77E-009, 
  3.30,   1.16E-008, 
  3.40,   1.98E-008, 
  3.50,   4.10E-008, 
  3.60,   1.37E-007, 
  3.70,   6.35E-007, 
  3.80,   1.23E-006, 
  3.90,   1.80E-006, 
  4.00,   2.15E-006, 
  4.10,   2.18E-006, 
  4.20,   1.96E-006, 
  4.30,   1.63E-006, 
  4.40,   1.13E-006, 
  4.50,   1.39E-007, 
  4.60,   1.31E-008, 
  4.70,   4.67E-009, 
  4.80,   1.90E-009, 
  4.90,   7.84E-010, 
  5.00,   2.51E-010, 
  5.10,  -4.33E-012, 
  5.20,  -8.88E-011, 
  5.30,  -1.71E-010, 
  5.40,  -2.31E-010, 
  5.50,  -2.64E-010, 
  5.60,  -2.34E-010, 
  5.70,  -2.31E-010, 
  5.80,  -2.86E-010, 
  5.90,  -3.51E-010, 
  6.00,  -3.47E-010, 
  6.10,  -3.19E-010, 
  6.20,  -2.50E-010, 
  6.30,  -2.44E-010, 
  6.40,  -2.60E-010, 
  6.50,  -2.00E-010, 
  6.60,  -1.97E-010, 
  6.70,  -2.53E-010, 
  6.80,  -2.63E-010, 
  6.90,  -2.55E-010, 
  7.00,  -1.85E-010, 
  7.10,  -2.00E-010, 
  7.20,  -1.78E-010, 
  7.30,  -1.59E-010, 
  7.40,  -1.44E-010, 
  7.50,  -1.59E-010, 
  7.60,  -1.56E-010, 
  7.70,  -8.58E-011, 
  7.80,  -7.84E-011, 
  7.90,  -1.19E-010, 
  8.00,  -1.02E-010, 
  8.10,  -1.06E-010, 
  8.20,  -1.30E-010, 
  8.30,  -1.32E-010, 
  8.40,  -1.39E-010, 
  8.50,  -7.54E-011, 
  8.60,  -1.06E-010, 
  8.70,  -1.27E-010, 
  8.80,  -1.17E-010, 
  8.90,  -1.53E-010, 
  9.00,  -1.53E-010, 
  9.10,  -1.31E-010, 
  9.20,  -8.49E-011, 
  9.30,  -5.98E-011, 
  9.40,  -3.99E-011, 
  9.50,  -3.47E-011, 
  9.60,  -9.23E-011, 
  9.70,  -1.51E-010, 
  9.80,  -1.43E-010, 
  9.90,  -9.84E-011, 
 10.00,  -7.84E-011, 
 10.10,  -1.73E-010, 
 10.20,  -1.71E-010, 
 10.30,  -1.64E-010, 
 10.40,  -1.61E-010, 
 10.50,  -6.07E-011, 
 10.60,  -5.37E-011, 
 10.70,  -7.63E-011, 
 10.80,  -1.41E-010, 
 10.90,  -1.20E-010, 
 11.00,  -1.04E-010, 
 11.10,  -6.33E-011, 
 11.20,  -4.12E-011, 
 11.30,  -3.68E-011, 
 11.40,  -4.29E-011, 
 11.50,  -5.20E-012, 
 11.60,  -1.34E-011, 
 11.70,  -1.13E-011, 
 11.80,  -1.60E-011, 
 11.90,   2.34E-011, 
 12.00,   3.87E-010, 
 12.10,   1.11E-009, 
 12.20,   1.69E-009, 
 12.30,   2.06E-009, 
 12.40,   2.19E-009, 
 12.50,   1.97E-009, 
 12.60,   1.20E-009, 
 12.70,   6.92E-010, 
 12.80,   4.35E-010, 
 12.90,   3.36E-010, 
 13.00,   1.52E-010, 
 13.10,   1.13E-010, 
 13.20,   1.02E-010, 
 13.30,   1.20E-010, 
 13.40,   9.49E-011, 
 13.50,   1.23E-010, 
 13.60,   1.51E-010, 
 13.70,   1.91E-010, 
 13.80,   4.30E-010, 
 13.90,   1.12E-009, 
 14.00,   4.85E-009, 
 14.10,   2.48E-008, 
 14.20,   4.62E-008, 
 14.30,   5.53E-008, 
 14.40,   5.03E-008, 
 14.50,   3.92E-008, 
 14.60,   1.31E-008, 
 14.70,   5.13E-009, 
 14.80,   2.43E-009, 
 14.90,   1.45E-009, 
 15.00,   8.82E-010, 
 15.10,   6.60E-010, 
 15.20,   6.93E-010, 
 15.30,   6.87E-010, 
 15.40,   6.65E-010, 
 15.50,   6.25E-010, 
 15.60,   4.34E-010, 
 15.70,   2.83E-010, 
 15.80,   2.01E-010, 
 15.90,   2.66E-010, 
 16.00,   7.01E-010, 
 16.10,   3.33E-009, 
 16.20,   9.93E-009, 
 16.30,   1.59E-008, 
 16.40,   1.80E-008, 
 16.50,   1.68E-008, 
 16.60,   8.74E-009, 
 16.70,   3.83E-009, 
 16.80,   2.10E-009, 
 16.90,   1.63E-009, 
 17.00,   2.04E-009, 
 17.10,   6.51E-009, 
 17.20,   3.05E-008, 
 17.30,   5.34E-008, 
 17.40,   5.78E-008, 
 17.50,   5.33E-008, 
 17.60,   2.21E-008, 
 17.70,   7.23E-009, 
 17.80,   3.93E-009, 
 17.90,   3.22E-009, 
 18.00,   5.42E-009, 
 18.10,   1.67E-008, 
 18.20,   1.25E-007, 
 18.30,   2.10E-007, 
 18.40,   2.23E-007, 
 18.50,   2.11E-007, 
 18.60,   7.28E-008, 
 18.70,   1.15E-008, 
 18.80,   4.71E-009, 
 18.90,   2.29E-009, 
 19.00,   1.30E-009, 
 19.10,   7.45E-010, 
 19.20,   4.53E-010, 
 19.30,   2.92E-010, 
 19.40,   2.32E-010, 
 19.50,   2.27E-010, 
 19.60,   2.47E-010, 
 19.70,   1.38E-010, 
 19.80,   6.07E-011, 
 19.90,   2.82E-011, 
 20.00,   6.33E-011, 
 20.10,   1.38E-010, 
 20.20,   3.48E-010, 
 20.30,   7.73E-010, 
 20.40,   1.14E-009, 
 20.50,   1.39E-009, 
 20.60,   1.25E-009, 
 20.70,   7.42E-010, 
 20.80,   3.97E-010, 
 20.90,   2.28E-010, 
 21.00,   1.03E-010, 
 21.10,   5.16E-011, 
 21.20,   4.12E-011, 
 21.30,   2.21E-011, 
 21.40,  -2.95E-011, 
 21.50,  -5.68E-011, 
 21.60,  -7.50E-011, 
 21.70,  -4.25E-011, 
 21.80,  -4.07E-011, 
 21.90,  -3.38E-011, 
 22.00,  -3.77E-011, 
 22.10,  -1.17E-011, 
 22.20,   3.94E-011, 
 22.30,   4.33E-012, 
 22.40,   2.86E-011, 
 22.50,   8.41E-011, 
 22.60,   1.41E-010, 
 22.70,   1.12E-010, 
 22.80,  -4.33E-013, 
 22.90,   1.34E-011, 
 23.00,   1.73E-011, 
 23.10,   4.33E-012, 
 23.20,  -3.21E-011, 
 23.30,  -4.51E-011, 
 23.40,   1.47E-011, 
 23.50,  -4.03E-011, 
 23.60,  -1.38E-010, 
 23.70,  -9.36E-011, 
 23.80,  -3.99E-011, 
 23.90,   2.73E-011, 
 24.00,  -6.07E-012, 
 24.10,   5.20E-012, 
 24.20,   1.95E-011, 
 24.30,  -5.85E-011, 
 24.40,  -1.13E-010, 
 24.50,  -1.01E-010, 
 24.60,  -5.63E-011, 
 24.70,  -8.75E-011, 
 24.80,  -8.28E-011, 
 24.90,  -4.98E-011, 
 25.00,  -3.94E-011, 
 25.10,  -1.30E-011, 
 25.20,  -4.16E-011, 
 25.30,  -5.42E-011, 
 25.40,  -4.46E-011, 
 25.50,  -4.12E-011, 
 25.60,  -3.81E-011, 
 25.70,  -7.80E-012, 
 25.80,   2.43E-011, 
 25.90,  -1.99E-011, 
 26.00,  -3.51E-011, 
 26.10,  -7.63E-011, 
 26.20,  -8.41E-011, 
 26.30,  -1.86E-011, 
 26.40,  -3.86E-011, 
 26.50,   1.21E-011, 
 26.60,   9.79E-011, 
 26.70,   1.59E-010, 
 26.80,   1.11E-010, 
 26.90,   6.89E-011, 
 27.00,   1.65E-011, 
 27.10,   3.38E-011, 
 27.20,   3.60E-011, 
 27.30,   1.15E-010, 
 27.40,   1.28E-010, 
 27.50,   2.96E-010, 
 27.60,   5.10E-010, 
 27.70,   6.95E-010, 
 27.80,   7.18E-010, 
 27.90,   9.41E-010, 
 28.00,   1.60E-009, 
 28.10,   3.20E-009, 
 28.20,   6.29E-009, 
 28.30,   1.44E-008, 
 28.40,   4.25E-008, 
 28.50,   2.34E-007, 
 28.60,   4.63E-007, 
 28.70,   2.23E-007, 
 28.80,   1.98E-008, 
 28.90,   6.61E-009, 
 29.00,   3.04E-009, 
 29.10,   1.66E-009, 
 29.20,   9.51E-010, 
 29.30,   5.67E-010, 
 29.40,   3.49E-010, 
 29.50,   4.63E-010, 
 29.60,   1.25E-009, 
 29.70,   1.88E-009, 
 29.80,   1.22E-009, 
 29.90,   6.23E-010, 
 30.00,   3.20E-010, 
 30.10,   1.79E-010, 
 30.20,   9.36E-011, 
 30.30,   5.07E-011, 
 30.40,   2.08E-011, 
 30.50,  -5.20E-012, 
 30.60,   2.68E-010, 
 30.70,   5.61E-010, 
 30.80,   3.59E-010, 
 30.90,   1.73E-010, 
 31.00,   8.19E-011, 
 31.10,   3.73E-011, 
 31.20,   2.34E-011, 
 31.30,   1.17E-011, 
 31.40,  -8.15E-011, 
 31.50,  -1.08E-010, 
 31.60,  -4.77E-011, 
 31.70,  -4.07E-011, 
 31.80,  -2.04E-011, 
 31.90,   2.17E-012, 
 32.00,   7.84E-011, 
 32.10,   1.88E-010, 
 32.20,   3.44E-010, 
 32.30,   6.44E-010, 
 32.40,   1.22E-009, 
 32.50,   2.62E-009, 
 32.60,   8.85E-009, 
 32.70,   2.75E-008, 
 32.80,   1.35E-008, 
 32.90,   5.33E-009, 
 33.00,   2.47E-009, 
 33.10,   1.34E-009, 
 33.20,   7.81E-010, 
 33.30,   4.78E-010, 
 33.40,   2.40E-010, 
 33.50,   1.11E-010, 
 33.60,   3.99E-011, 
 33.70,  -5.20E-012, 
 33.80,  -7.37E-012, 
 33.90,  -4.07E-011, 
 34.00,  -6.46E-011, 
 34.10,  -2.04E-011, 
 34.20,  -7.63E-011, 
 34.30,  -8.62E-011, 
 34.40,  -9.01E-011, 
 34.50,  -8.23E-011, 
 34.60,  -4.59E-011, 
 34.70,  -5.63E-012, 
 34.80,   2.34E-011, 
 34.90,   3.90E-012, 
 35.00,  -2.34E-011, 
 35.10,   1.30E-012, 
 35.20,  -4.85E-011, 
 35.30,  -3.08E-011, 
 35.40,  -9.92E-011, 
 35.50,  -1.04E-010, 
 35.60,  -8.28E-011, 
 35.70,  -1.60E-011, 
 35.80,   2.51E-011, 
 35.90,   3.47E-011, 
 36.00,   2.34E-011, 
 36.10,  -1.73E-011, 
 36.20,  -3.86E-011, 
 36.30,  -5.85E-011, 
 36.40,  -4.46E-011, 
 36.50,  -6.89E-011, 
 36.60,  -5.20E-011, 
 36.70,  -1.01E-010, 
 36.80,  -1.24E-010, 
 36.90,  -1.06E-010, 
 37.00,  -8.32E-011, 
 37.10,  -9.01E-011, 
 37.20,  -1.49E-010, 
 37.30,  -1.52E-010, 
 37.40,  -1.78E-010, 
 37.50,  -1.20E-010, 
 37.60,  -7.28E-011, 
 37.70,  -8.67E-011, 
 37.80,  -5.76E-011, 
 37.90,  -3.42E-011, 
 38.00,  -1.69E-011, 
 38.10,  -5.89E-011, 
 38.20,  -7.80E-011, 
 38.30,  -5.94E-011, 
 38.40,  -1.12E-010, 
 38.50,  -7.24E-011, 
 38.60,  -3.03E-012, 
 38.70,   1.47E-011, 
 38.80,   4.33E-012, 
 38.90,  -1.69E-011, 
 39.00,  -1.82E-011, 
 39.10,  -3.73E-011, 
 39.20,  -6.50E-011, 
 39.30,  -1.07E-010, 
 39.40,  -6.15E-011, 
 39.50,  -4.03E-011, 
 39.60,  -3.47E-012, 
 39.70,  -2.17E-011, 
 39.80,  -4.85E-011, 
 39.90,  -3.47E-012, 
 40.00,  -1.43E-011, 
 40.10,   1.91E-011, 
 40.20,   2.95E-011, 
 40.30,   4.98E-011, 
 40.40,   3.34E-011, 
 40.50,   2.51E-011, 
 40.60,   1.91E-011, 
 40.70,   6.98E-011, 
 40.80,   1.26E-010, 
 40.90,   1.33E-010, 
 41.00,   4.77E-011, 
 41.10,  -7.37E-012, 
 41.20,   0.00E+000, 
 41.30,  -1.91E-011, 
 41.40,  -4.46E-011, 
 41.50,  -5.03E-011, 
 41.60,  -1.73E-012, 
 41.70,  -4.59E-011, 
 41.80,  -3.42E-011, 
 41.90,  -3.51E-011, 
 42.00,  -6.98E-011, 
 42.10,  -9.92E-011, 
 42.20,  -6.98E-011, 
 42.30,  -4.25E-011, 
 42.40,  -1.30E-012, 
 42.50,  -3.25E-011, 
 42.60,  -8.75E-011, 
 42.70,  -1.28E-010, 
 42.80,  -1.12E-010, 
 42.90,  -3.94E-011, 
 43.00,   3.08E-011, 
 43.10,   2.08E-011, 
 43.20,   4.98E-011, 
 43.30,   1.73E-011, 
 43.40,  -2.77E-011, 
 43.50,   1.91E-011, 
 43.60,   1.26E-011, 
 43.70,  -1.39E-011, 
 43.80,  -2.69E-011, 
 43.90,  -2.43E-011, 
 44.00,  -6.63E-011, 
 44.10,  -1.02E-010, 
 44.20,  -1.04E-010, 
 44.30,  -6.85E-011, 
 44.40,  -6.11E-011, 
 44.50,  -4.55E-011, 
 44.60,  -2.38E-011, 
 44.70,   2.12E-011, 
 44.80,  -2.51E-011, 
 44.90,   1.34E-011, 
 45.00,   1.21E-011, 
 45.10,  -2.77E-011, 
 45.20,  -3.51E-011, 
 45.30,  -5.63E-012, 
 45.40,  -2.04E-011, 
 45.50,  -5.29E-011, 
 45.60,  -7.71E-011, 
 45.70,  -4.38E-011, 
 45.80,  -1.47E-011, 
 45.90,   8.67E-013, 
 46.00,   4.68E-011, 
 46.10,   1.73E-011, 
 46.20,  -5.20E-012, 
 46.30,   1.30E-011, 
 46.40,   1.73E-012, 
 46.50,  -3.68E-011, 
 46.60,  -5.24E-011, 
 46.70,   1.86E-011, 
 46.80,  -4.07E-011, 
 46.90,  -3.21E-011, 
 47.00,   1.60E-011, 
 47.10,   6.93E-011, 
 47.20,   9.32E-011, 
 47.30,   5.72E-011, 
 47.40,   4.55E-011, 
 47.50,  -6.07E-012, 
 47.60,   2.60E-012, 
 47.70,   3.03E-012, 
 47.80,  -2.08E-011, 
 47.90,  -1.91E-011, 
 48.00,  -7.89E-011, 
 48.10,  -2.47E-011, 
 48.20,  -8.23E-012, 
 48.30,  -3.12E-011, 
 48.40,  -4.59E-011, 
 48.50,  -1.14E-010, 
 48.60,  -8.36E-011, 
 48.70,  -2.77E-011, 
 48.80,  -3.21E-011, 
 48.90,  -3.90E-012, 
 49.00,  -3.68E-011, 
 49.10,  -4.42E-011, 
 49.20,  -3.55E-011, 
 49.30,  -4.64E-011, 
 49.40,  -3.16E-011, 
 49.50,  -7.28E-011, 
 49.60,  -5.24E-011, 
 49.70,  -5.20E-012, 
 49.80,   1.78E-011, 
 49.90,  -4.33E-013, 
 50.00,  -3.16E-011, 
 50.10,  -4.20E-011, 
 50.20,  -2.17E-011, 
 50.30,  -4.51E-011, 
 50.40,  -1.04E-011, 
 50.50,   1.99E-011, 
 50.60,   1.47E-011, 
 50.70,   5.94E-011, 
 50.80,   4.51E-011, 
 50.90,  -6.07E-012, 
 51.00,   4.77E-012, 
 51.10,  -2.51E-011, 
 51.20,  -1.95E-011, 
 51.30,  -3.08E-011, 
 51.40,  -4.29E-011, 
 51.50,  -5.03E-011, 
 51.60,  -4.68E-011, 
 51.70,  -6.15E-011, 
 51.80,  -1.73E-012, 
 51.90,  -2.25E-011, 
 52.00,   6.50E-012, 
 52.10,   1.91E-011, 
 52.20,   6.07E-012, 
 52.30,  -3.90E-012, 
 52.40,  -9.53E-012, 
 52.50,  -1.69E-011, 
 52.60,   3.21E-011, 
 52.70,  -8.23E-012, 
 52.80,  -1.34E-011, 
 52.90,  -2.90E-011, 
 53.00,  -2.82E-011, 
 53.10,  -6.85E-011, 
 53.20,  -1.02E-010, 
 53.30,  -5.98E-011, 
 53.40,   6.50E-012, 
 53.50,  -1.47E-011, 
 53.60,  -4.25E-011, 
 53.70,  -3.42E-011, 
 53.80,  -2.56E-011, 
 53.90,  -3.55E-011, 
 54.00,   8.67E-013, 
 54.10,  -5.63E-012, 
 54.20,  -4.03E-011, 
 54.30,  -4.20E-011, 
 54.40,  -6.11E-011, 
 54.50,  -5.11E-011, 
 54.60,  -3.08E-011, 
 54.70,  -8.67E-012, 
 54.80,   4.68E-011, 
 54.90,   3.60E-011, 
 55.00,   1.73E-011, 
 55.10,  -5.20E-012, 
 55.20,  -3.73E-011, 
 55.30,  -8.62E-011, 
 55.40,  -6.07E-011, 
 55.50,  -2.30E-011, 
 55.60,  -1.69E-011, 
 55.70,  -4.16E-011, 
 55.80,  -3.03E-011, 
 55.90,  -4.33E-011, 
 56.00,  -6.02E-011, 
 56.10,  -4.07E-011, 
 56.20,  -5.63E-012, 
 56.30,  -6.50E-012, 
 56.40,  -3.55E-011, 
 56.50,  -6.11E-011, 
 56.60,  -3.99E-011, 
 56.70,  -2.04E-011, 
 56.80,  -3.73E-011, 
 56.90,  -6.41E-011, 
 57.00,  -5.94E-011, 
 57.10,  -3.99E-011, 
 57.20,  -1.73E-012, 
 57.30,  -1.91E-011, 
 57.40,  -1.95E-011, 
 57.50,  -2.12E-011, 
 57.60,  -1.56E-011, 
 57.70,  -5.85E-011, 
 57.80,  -5.98E-011, 
 57.90,  -6.28E-011, 
 58.00,  -4.42E-011, 
 58.10,  -3.90E-012, 
 58.20,   4.98E-011, 
 58.30,   6.33E-011, 
 58.40,   2.95E-011, 
 58.50,   3.90E-012, 
 58.60,  -2.30E-011, 
 58.70,   8.67E-013, 
 58.80,  -4.90E-011, 
 58.90,  -3.73E-011, 
 59.00,  -6.20E-011, 
 59.10,  -5.33E-011, 
 59.20,  -9.58E-011, 
 59.30,  -7.58E-011, 
 59.40,  -2.17E-011, 
 59.50,  -5.07E-011, 
 59.60,   6.93E-012, 
 59.70,  -3.03E-012, 
 59.80,   5.20E-012, 
 59.90,   4.03E-011, 
 60.00,   7.80E-012, 
 60.10,  -4.72E-011, 
 60.20,  -8.67E-011, 
 60.30,  -4.33E-011, 
 60.40,  -2.69E-011, 
 60.50,  -4.07E-011, 
 60.60,  -4.72E-011, 
 60.70,  -7.45E-011, 
 60.80,  -2.08E-011, 
 60.90,   1.73E-012, 
 61.00,   1.78E-011, 
 61.10,  -2.21E-011, 
 61.20,  -3.99E-011, 
 61.30,  -2.69E-011, 
 61.40,  -1.99E-011, 
 61.50,   2.56E-011, 
 61.60,   6.54E-011, 
 61.70,   6.63E-011, 
 61.80,   2.17E-012, 
 61.90,   2.95E-011, 
 62.00,   2.99E-011, 
 62.10,  -2.69E-011, 
 62.20,  -2.64E-011, 
 62.30,   3.47E-012, 
 62.40,  -8.67E-013, 
 62.50,   4.68E-011, 
 62.60,   1.21E-011, 
 62.70,   1.04E-011, 
 62.80,   3.03E-012, 
 62.90,  -3.38E-011, 
 63.00,  -3.21E-011, 
 63.10,   1.13E-011, 
 63.20,   3.03E-012, 
 63.30,   8.23E-012, 
 63.40,  -4.16E-011, 
 63.50,  -4.03E-011, 
 63.60,  -9.53E-012, 
 63.70,  -5.20E-012, 
 63.80,   4.33E-011, 
 63.90,   2.69E-011, 
 64.00,  -1.73E-012, 
 64.10,  -5.42E-011, 
 64.20,  -2.34E-011, 
 64.30,  -2.64E-011, 
 64.40,  -1.65E-011, 
 64.50,  -8.10E-011, 
 64.60,  -7.84E-011, 
 64.70,  -2.38E-011, 
 64.80,  -8.67E-012, 
 64.90,  -3.51E-011, 
 65.00,   2.69E-011, 
 65.10,   4.77E-012, 
 65.20,  -3.77E-011, 
 65.30,  -3.38E-011, 
 65.40,  -5.37E-011, 
 65.50,  -3.77E-011, 
 65.60,  -2.51E-011, 
 65.70,   6.93E-012, 
 65.80,  -1.04E-011, 
 65.90,   5.63E-012, 
 66.00,   3.16E-011, 
 66.10,   3.90E-011, 
 66.20,   2.17E-011, 
 66.30,   4.33E-012, 
 66.40,   3.55E-011, 
 66.50,   6.50E-012, 
 66.60,  -2.47E-011, 
 66.70,   3.47E-012, 
 66.80,   4.90E-011, 
 66.90,   4.59E-011, 
 67.00,   1.78E-011, 
 67.10,  -1.21E-011, 
 67.20,  -7.37E-012, 
 67.30,   6.50E-012, 
 67.40,  -3.08E-011, 
 67.50,  -8.67E-011, 
 67.60,  -9.19E-011, 
 67.70,  -6.41E-011, 
 67.80,  -7.19E-011, 
 67.90,  -7.06E-011, 
 68.00,   1.86E-011, 
 68.10,  -4.33E-013, 
 68.20,  -2.47E-011, 
 68.30,  -2.21E-011, 
 68.40,  -2.56E-011, 
 68.50,  -4.77E-012, 
 68.60,   4.85E-011, 
 68.70,   2.38E-011, 
 68.80,  -1.69E-011, 
 68.90,  -3.34E-011, 
 69.00,  -4.51E-011, 
 69.10,  -9.53E-012, 
 69.20,   2.69E-011, 
 69.30,   3.55E-011, 
 69.40,  -3.64E-011, 
 69.50,  -6.89E-011, 
 69.60,  -2.25E-011, 
 69.70,   9.10E-012, 
 69.80,   5.50E-011, 
 69.90,   1.86E-011, 
 70.00,  -8.54E-011, 
 70.10,  -4.07E-011, 
 70.20,  -2.56E-011, 
 70.30,   1.04E-011, 
 70.40,   3.03E-012, 
 70.50,  -4.20E-011, 
 70.60,  -4.42E-011, 
 70.70,  -2.99E-011, 
 70.80,   3.64E-011, 
 70.90,   4.77E-012, 
 71.00,  -2.30E-011, 
 71.10,   4.03E-011, 
 71.20,   7.32E-011, 
 71.30,   1.60E-011, 
 71.40,   4.51E-011, 
 71.50,  -1.04E-011, 
 71.60,  -2.12E-011, 
 71.70,  -2.43E-011, 
 71.80,  -5.07E-011, 
 71.90,  -4.81E-011, 
 72.00,  -2.86E-011, 
 72.10,  -7.71E-011, 
 72.20,  -1.03E-010, 
 72.30,  -6.20E-011, 
 72.40,  -3.25E-011, 
 72.50,  -5.59E-011, 
 72.60,  -8.41E-011, 
 72.70,  -5.07E-011, 
 72.80,   1.73E-012, 
 72.90,   3.21E-011, 
 73.00,   3.68E-011, 
 73.10,  -1.86E-011, 
 73.20,  -8.23E-012, 
 73.30,  -5.63E-012, 
 73.40,   4.33E-012, 
 73.50,   2.17E-012, 
 73.60,  -2.12E-011, 
 73.70,  -3.12E-011, 
 73.80,  -5.63E-011, 
 73.90,  -6.24E-011, 
 74.00,  -4.68E-011, 
 74.10,  -5.81E-011, 
 74.20,  -1.47E-011, 
 74.30,  -8.67E-012, 
 74.40,   2.12E-011, 
 74.50,  -5.85E-011, 
 74.60,  -4.16E-011, 
 74.70,   1.60E-011, 
 74.80,  -2.30E-011, 
 74.90,  -1.99E-011, 
 75.00,  -2.86E-011, 
 75.10,   4.33E-012, 
 75.20,   1.47E-011, 
 75.30,   3.94E-011, 
 75.40,   1.52E-011, 
 75.50,   4.98E-011, 
 75.60,   9.01E-011, 
 75.70,   3.81E-011, 
 75.80,   4.98E-011, 
 75.90,   5.37E-011, 
 76.00,   1.09E-010, 
 76.10,   7.71E-011, 
 76.20,   2.95E-011, 
 76.30,   1.99E-011, 
 76.40,   1.73E-012, 
 76.50,   8.67E-013, 
 76.60,   3.16E-011, 
 76.70,   1.08E-011, 
 76.80,  -1.34E-011, 
 76.90,   3.68E-011, 
 77.00,   4.07E-011, 
 77.10,   6.85E-011, 
 77.20,   1.04E-010, 
 77.30,   4.94E-011, 
 77.40,   2.86E-011, 
 77.50,   2.95E-011, 
 77.60,   6.50E-011, 
 77.70,   7.45E-011, 
 77.80,   2.38E-011, 
 77.90,   3.73E-011, 
 78.00,   5.11E-011, 
 78.10,   3.12E-011, 
 78.20,   4.33E-013, 
 78.30,   5.20E-011, 
 78.40,   1.17E-011, 
 78.50,  -2.82E-011, 
 78.60,   9.10E-012, 
 78.70,  -4.98E-011, 
 78.80,   0.00E+000, 
 78.90,   4.12E-011, 
 79.00,   1.73E-011, 
 79.10,   6.02E-011, 
 79.20,   5.11E-011, 
 79.30,   5.29E-011, 
 79.40,   6.07E-011, 
 79.50,   1.09E-010, 
 79.60,   9.58E-011, 
 79.70,   7.28E-011, 
 79.80,   1.21E-010, 
 79.90,   1.23E-010, 
 80.00,   2.99E-011, 
 80.10,   4.55E-011, 
 80.20,  -1.21E-011, 
 80.30,   5.33E-011, 
 80.40,   9.10E-011, 
 80.50,   5.33E-011, 
 80.60,   1.12E-010, 
 80.70,   1.36E-010, 
 80.80,   6.76E-011, 
 80.90,   1.08E-010, 
 81.00,   1.12E-010, 
 81.10,   6.46E-011, 
 81.20,   4.29E-011, 
 81.30,   3.77E-011, 
 81.40,   4.55E-011, 
 81.50,   6.67E-011, 
 81.60,   1.99E-011, 
 81.70,  -1.78E-011, 
 81.80,  -4.20E-011, 
 81.90,  -1.99E-011, 
 82.00,  -4.33E-012, 
 82.10,   1.91E-011, 
 82.20,   8.45E-011, 
 82.30,   4.46E-011, 
 82.40,   1.60E-011, 
 82.50,   3.16E-011, 
 82.60,   5.85E-011, 
 82.70,   7.63E-011, 
 82.80,   5.42E-011, 
 82.90,   2.21E-011, 
 83.00,   5.16E-011, 
 83.10,   1.39E-011, 
 83.20,   1.69E-011, 
 83.30,   4.46E-011, 
 83.40,   7.37E-011, 
 83.50,   7.06E-011, 
 83.60,   5.72E-011, 
 83.70,   5.55E-011, 
 83.80,   6.63E-011, 
 83.90,  -3.34E-011, 
 84.00,  -1.47E-011, 
 84.10,   4.77E-011, 
 84.20,  -2.60E-012, 
 84.30,  -2.30E-011, 
 84.40,  -5.63E-012, 
 84.50,  -1.43E-011, 
 84.60,   8.67E-013, 
 84.70,   1.60E-011, 
 84.80,   3.29E-011, 
 84.90,   5.03E-011, 
 85.00,   2.69E-011, 
 85.10,   6.98E-011, 
 85.20,   4.64E-011, 
 85.30,   6.50E-012, 
 85.40,  -4.33E-012, 
 85.50,  -1.43E-011, 
 85.60,   2.69E-011, 
 85.70,   3.60E-011, 
 85.80,   1.82E-011, 
 85.90,   9.53E-012, 
 86.00,   1.52E-011, 
 86.10,   2.08E-011, 
 86.20,  -2.12E-011, 
 86.30,  -3.90E-011, 
 86.40,   2.77E-011, 
 86.50,  -4.33E-013, 
 86.60,   2.04E-011, 
 86.70,   8.80E-011, 
 86.80,   9.97E-011, 
 86.90,   9.01E-011, 
 87.00,   1.25E-010, 
 87.10,   8.67E-011, 
 87.20,  -2.38E-011, 
 87.30,  -1.21E-011, 
 87.40,  -2.08E-011, 
 87.50,  -8.67E-013, 
 87.60,   8.23E-012, 
 87.70,   2.82E-011, 
 87.80,   4.77E-011, 
 87.90,   4.33E-011, 
 88.00,   6.37E-011, 
 88.10,   1.52E-011, 
 88.20,   4.98E-011, 
 88.30,   1.01E-010, 
 88.40,   2.04E-011, 
 88.50,  -1.34E-011, 
 88.60,   8.23E-012, 
 88.70,   1.99E-011, 
 88.80,   5.37E-011, 
 88.90,   8.45E-011, 
 89.00,   5.85E-011, 
 89.10,  -1.39E-011, 
 89.20,  -1.73E-012, 
 89.30,   3.86E-011, 
 89.40,   6.41E-011, 
 89.50,   3.77E-011, 
 89.60,  -1.73E-012, 
 89.70,   6.07E-012, 
 89.80,   5.03E-011, 
 89.90,   3.08E-011, 
 90.00,   2.60E-012, 
 90.10,  -2.51E-011, 
 90.20,  -1.47E-011, 
 90.30,  -3.86E-011, 
 90.40,  -9.01E-011, 
 90.50,  -7.58E-011, 
 90.60,  -9.06E-011, 
 90.70,  -1.09E-010, 
 90.80,  -1.08E-011, 
 90.90,   5.29E-011, 
 91.00,   1.21E-011, 
 91.10,   8.67E-012, 
 91.20,   4.33E-013, 
 91.30,   2.51E-011, 
 91.40,   3.81E-011, 
 91.50,   2.90E-011, 
 91.60,   4.07E-011, 
 91.70,  -3.99E-011, 
 91.80,   2.60E-012, 
 91.90,   5.20E-011, 
 92.00,   8.88E-011, 
 92.10,   5.85E-011, 
 92.20,   5.46E-011, 
 92.30,   4.07E-011, 
 92.40,   1.78E-011, 
 92.50,  -1.65E-011, 
 92.60,  -2.99E-011, 
 92.70,  -3.47E-011, 
 92.80,   1.30E-012, 
 92.90,   3.94E-011, 
 93.00,   3.55E-011, 
 93.10,   5.20E-011, 
 93.20,   8.67E-012, 
 93.30,  -5.37E-011, 
 93.40,  -5.20E-011, 
 93.50,  -2.12E-011, 
 93.60,   4.03E-011, 
 93.70,   5.42E-011, 
 93.80,   3.16E-011, 
 93.90,  -2.17E-011, 
 94.00,   2.17E-012, 
 94.10,   7.80E-012, 
 94.20,   0.00E+000, 
 94.30,   2.17E-012, 
 94.40,   3.03E-011, 
 94.50,   3.68E-011, 
 94.60,   1.43E-011, 
 94.70,  -3.16E-011, 
 94.80,  -1.17E-011, 
 94.90,  -3.08E-011, 
 95.00,  -2.90E-011, 
 95.10,  -8.23E-012, 
 95.20,  -2.64E-011, 
 95.30,  -2.90E-011, 
 95.40,  -3.12E-011, 
 95.50,   1.17E-011, 
 95.60,   7.71E-011, 
 95.70,   3.29E-011, 
 95.80,   2.17E-011, 
 95.90,  -2.43E-011, 
 96.00,  -3.21E-011, 
 96.10,  -4.51E-011, 
 96.20,  -3.68E-011, 
 96.30,  -3.86E-011, 
 96.40,   3.47E-012, 
 96.50,   1.56E-011, 
 96.60,   1.78E-011, 
 96.70,   4.68E-011, 
 96.80,   2.60E-012, 
 96.90,  -4.90E-011, 
 97.00,  -4.55E-011, 
 97.10,  -5.94E-011, 
 97.20,  -4.64E-011, 
 97.30,  -5.03E-011, 
 97.40,   2.60E-011, 
 97.50,   6.02E-011, 
 97.60,   8.28E-011, 
 97.70,   4.42E-011, 
 97.80,  -2.82E-011, 
 97.90,  -9.97E-012, 
 98.00,  -4.25E-011, 
 98.10,  -5.50E-011, 
 98.20,  -1.99E-011, 
 98.30,   2.43E-011, 
 98.40,  -4.33E-013, 
 98.50,   6.85E-011, 
 98.60,   5.24E-011, 
 98.70,   4.20E-011, 
 98.80,   1.52E-011, 
 98.90,   2.17E-011, 
 99.00,   2.17E-011, 
 99.10,   4.38E-011, 
 99.20,   3.29E-011, 
 99.30,   6.24E-011, 
 99.40,   7.89E-011, 
 99.50,   9.19E-011, 
 99.60,   7.63E-011, 
 99.70,   5.63E-012, 
 99.80,   6.93E-012, 
 99.90,   2.64E-011, 
 100.00,   4.94E-011, 
 100.10,   2.82E-011, 
 100.20,   7.80E-012, 
 100.30,   6.41E-011, 
 100.40,   4.29E-011, 
 100.50,   6.54E-011, 
 100.60,   2.69E-011, 
 100.70,  -2.08E-011, 
 100.80,   8.23E-012, 
 100.90,   1.65E-011, 
 101.00,  -1.04E-011, 
 101.10,  -1.56E-011, 
 101.20,  -3.90E-012, 
 101.30,  -2.86E-011, 
 101.40,   1.65E-011, 
 101.50,   1.21E-011, 
 101.60,  -3.21E-011, 
 101.70,  -1.21E-011, 
 101.80,  -1.56E-011, 
 101.90,  -4.33E-013, 
 102.00,  -3.03E-012, 
 102.10,   6.67E-011, 
 102.20,   7.97E-011, 
 102.30,   4.20E-011, 
 102.40,  -4.33E-012, 
 102.50,  -4.46E-011, 
 102.60,  -1.17E-011, 
 102.70,  -4.94E-011, 
 102.80,  -4.85E-011, 
 102.90,  -3.81E-011, 
 103.00,  -4.33E-012, 
 103.10,   2.43E-011, 
 103.20,   4.98E-011, 
 103.30,   7.50E-011, 
 103.40,   8.15E-011, 
 103.50,   1.07E-010, 
 103.60,   7.06E-011, 
 103.70,   8.54E-011, 
 103.80,   6.54E-011, 
 103.90,   8.58E-011, 
 104.00,   1.24E-010, 
 104.10,   9.84E-011, 
 104.20,   5.85E-011, 
 104.30,   3.64E-011, 
 104.40,   4.68E-011, 
 104.50,  -3.47E-011, 
 104.60,  -5.68E-011, 
 104.70,  -3.81E-011, 
 104.80,  -7.45E-011, 
 104.90,  -8.10E-011, 
 105.00,  -7.41E-011, 
 105.10,  -4.85E-011, 
 105.20,  -1.08E-011, 
 105.30,  -1.65E-011, 
 105.40,   1.04E-011, 
 105.50,   8.67E-013, 
 105.60,  -1.30E-011, 
 105.70,   2.47E-011, 
 105.80,   6.24E-011, 
 105.90,   4.77E-012, 
 106.00,   4.33E-013, 
 106.10,   2.08E-011, 
 106.20,  -2.99E-011, 
 106.30,  -3.90E-012, 
 106.40,   1.04E-011, 
 106.50,  -6.93E-012, 
 106.60,  -6.07E-012, 
 106.70,   8.67E-013, 
 106.80,  -1.30E-012, 
 106.90,   2.56E-011, 
 107.00,   1.99E-011, 
 107.10,  -6.50E-012, 
 107.20,  -3.73E-011, 
 107.30,  -8.67E-013, 
 107.40,   4.33E-013, 
 107.50,   2.60E-011, 
 107.60,   2.56E-011, 
 107.70,   6.24E-011, 
 107.80,   2.77E-011, 
 107.90,   1.02E-010, 
 108.00,   9.14E-011, 
 108.10,   7.32E-011, 
 108.20,   1.73E-012, 
 108.30,   1.04E-011, 
 108.40,   6.72E-011, 
 108.50,   9.10E-012, 
 108.60,  -8.23E-012, 
 108.70,   4.12E-011, 
 108.80,   4.46E-011, 
 108.90,   3.55E-011, 
 109.00,   8.54E-011, 
 109.10,   3.60E-011, 
 109.20,  -6.50E-012, 
 109.30,   1.21E-011, 
 109.40,   1.34E-011, 
 109.50,   2.90E-011, 
 109.60,   3.60E-011, 
 109.70,   3.29E-011, 
 109.80,   5.50E-011, 
 109.90,   6.24E-011, 
 110.00,   1.82E-011, 
 110.10,   3.86E-011, 
 110.20,   1.21E-011, 
 110.30,  -1.43E-011, 
 110.40,   5.29E-011, 
 110.50,   7.37E-011, 
 110.60,   3.73E-011, 
 110.70,   1.01E-010, 
 110.80,   8.15E-011, 
 110.90,   1.01E-010, 
 111.00,   1.01E-010, 
 111.10,   1.03E-010, 
 111.20,   8.93E-011, 
 111.30,   4.77E-012, 
 111.40,   3.03E-011, 
 111.50,   2.60E-011, 
 111.60,   7.37E-012, 
 111.70,   3.16E-011, 
 111.80,   1.65E-011, 
 111.90,  -1.30E-012, 
 112.00,  -1.69E-011, 
 112.10,  -1.39E-011, 
 112.20,   3.47E-011, 
 112.30,   1.60E-011, 
 112.40,   4.33E-013, 
 112.50,  -4.33E-012, 
 112.60,   1.52E-011, 
 112.70,   6.28E-011, 
 112.80,   5.20E-011, 
 112.90,   1.56E-011, 
 113.00,   3.68E-011, 
 113.10,   1.65E-011, 
 113.20,   3.29E-011, 
 113.30,   8.06E-011, 
 113.40,   6.67E-011, 
 113.50,   8.84E-011, 
 113.60,   1.00E-010, 
 113.70,   6.67E-011, 
 113.80,   2.64E-011, 
 113.90,   6.63E-011, 
 114.00,   1.60E-011, 
 114.10,  -1.21E-011, 
 114.20,  -3.12E-011, 
 114.30,  -1.17E-011, 
 114.40,   8.67E-012, 
 114.50,   4.12E-011, 
 114.60,  -1.17E-011, 
 114.70,  -8.23E-012, 
 114.80,  -4.33E-012, 
 114.90,   5.20E-012, 
 115.00,   2.25E-011, 
 115.10,   1.56E-011, 
 115.20,   3.64E-011, 
 115.30,   7.84E-011, 
 115.40,   2.43E-011, 
 115.50,  -3.47E-012, 
 115.60,  -6.15E-011, 
 115.70,  -6.02E-011, 
 115.80,  -9.01E-011, 
 115.90,  -5.03E-011, 
 116.00,   1.99E-011, 
 116.10,   2.56E-011, 
 116.20,   9.32E-011, 
 116.30,   1.07E-010, 
 116.40,   1.25E-010, 
 116.50,   8.45E-011, 
 116.60,   6.24E-011, 
 116.70,   2.77E-011, 
 116.80,  -3.51E-011, 
 116.90,  -4.12E-011, 
 117.00,  -3.99E-011, 
 117.10,  -3.29E-011, 
 117.20,  -2.95E-011, 
 117.30,  -1.30E-012, 
 117.40,  -2.77E-011, 
 117.50,  -2.17E-011, 
 117.60,  -3.08E-011, 
 117.70,  -3.29E-011, 
 117.80,  -5.59E-011, 
 117.90,   4.33E-012, 
 118.00,   4.90E-011, 
 118.10,   1.09E-010, 
 118.20,   7.71E-011, 
 118.30,   8.75E-011, 
 118.40,   1.12E-010, 
 118.50,   1.09E-010, 
 118.60,   8.88E-011, 
 118.70,   4.38E-011, 
 118.80,   6.24E-011, 
 118.90,   7.28E-011, 
 119.00,   2.51E-011, 
 119.10,  -3.16E-011, 
 119.20,  -3.99E-011, 
 119.30,  -5.81E-011, 
 119.40,  -4.55E-011, 
 119.50,  -7.80E-012, 
 119.60,  -4.33E-013, 
 119.70,   8.67E-012, 
 119.80,   1.52E-011, 
 119.90,   3.25E-011, 
 120.00,   7.89E-011, 
 120.10,   1.10E-010, 
 120.20,   1.01E-010, 
 120.30,   8.28E-011, 
 120.40,   5.16E-011, 
 120.50,   6.72E-011, 
 120.60,   6.37E-011, 
 120.70,   6.63E-011, 
 120.80,   8.58E-011, 
 120.90,   6.24E-011, 
 121.00,   4.77E-012, 
 121.10,   4.07E-011, 
 121.20,   8.28E-011, 
 121.30,   5.50E-011, 
 121.40,   9.53E-012, 
 121.50,  -4.55E-011, 
 121.60,  -2.25E-011, 
 121.70,  -3.60E-011, 
 121.80,  -9.66E-011, 
 121.90,  -1.24E-010, 
 122.00,  -9.14E-011, 
 122.10,   4.33E-012, 
 122.20,   6.72E-011, 
 122.30,   6.63E-011, 
 122.40,   8.28E-011, 
 122.50,   4.03E-011, 
 122.60,   2.47E-011, 
 122.70,   8.67E-013, 
 122.80,   7.76E-011, 
 122.90,   5.16E-011, 
 123.00,  -1.73E-012, 
 123.10,   2.30E-011, 
 123.20,   3.90E-012, 
 123.30,   4.03E-011, 
 123.40,   9.10E-012, 
 123.50,   4.90E-011, 
 123.60,   2.38E-011, 
 123.70,   2.51E-011, 
 123.80,  -2.04E-011, 
 123.90,  -1.99E-011, 
 124.00,  -9.97E-012, 
 124.10,   8.67E-013, 
 124.20,  -1.95E-011, 
 124.30,   1.60E-011, 
 124.40,   3.73E-011, 
 124.50,  -6.50E-012, 
 124.60,  -5.89E-011, 
 124.70,  -1.21E-011, 
 124.80,   1.47E-011, 
 124.90,   1.17E-011, 
 125.00,  -1.26E-011, 
 125.10,  -3.03E-011, 
 125.20,  -1.65E-011, 
 125.30,   2.17E-011, 
 125.40,   3.81E-011, 
 125.50,  -2.30E-011, 
 125.60,  -2.99E-011, 
 125.70,   2.69E-011, 
 125.80,   8.02E-011, 
 125.90,   3.68E-011, 
 126.00,  -1.78E-011, 
 126.10,  -1.04E-011, 
 126.20,  -2.56E-011, 
 126.30,  -1.82E-011, 
 126.40,  -2.95E-011, 
 126.50,  -3.34E-011, 
 126.60,  -7.50E-011, 
 126.70,  -1.21E-010, 
 126.80,  -8.49E-011, 
 126.90,  -7.89E-011, 
 127.00,   9.97E-012, 
 127.10,   4.12E-011, 
 127.20,  -1.91E-011, 
 127.30,  -5.85E-011, 
 127.40,  -8.06E-011, 
 127.50,  -9.53E-012, 
 127.60,   5.63E-012, 
 127.70,   1.21E-011, 
 127.80,   3.34E-011, 
 127.90,   5.37E-011, 
 128.00,   3.77E-011, 
 128.10,   7.24E-011, 
 128.20,   1.04E-010, 
 128.30,   3.86E-011, 
 128.40,  -2.17E-012, 
 128.50,  -4.25E-011, 
 128.60,  -3.38E-011, 
 128.70,  -4.77E-011, 
 128.80,  -7.37E-011, 
 128.90,  -4.94E-011, 
 129.00,  -4.20E-011, 
 129.10,  -3.60E-011, 
 129.20,   0.00E+000, 
 129.30,  -9.97E-012, 
 129.40,   2.04E-011, 
 129.50,   5.63E-012, 
 129.60,   8.67E-013, 
 129.70,   6.59E-011, 
 129.80,   1.43E-011, 
 129.90,  -1.73E-011, 
 130.00,  -1.60E-011, 
 130.10,  -1.73E-011, 
 130.20,   1.08E-011, 
 130.30,  -5.07E-011, 
 130.40,  -3.81E-011, 
 130.50,  -3.81E-011, 
 130.60,  -7.80E-012, 
 130.70,  -2.34E-011, 
 130.80,   4.72E-011, 
 130.90,   3.60E-011, 
 131.00,  -3.21E-011, 
 131.10,  -8.75E-011, 
 131.20,  -4.64E-011, 
 131.30,  -4.85E-011, 
 131.40,  -1.69E-011, 
 131.50,   4.16E-011, 
 131.60,   2.95E-011, 
 131.70,  -2.47E-011, 
 131.80,   3.29E-011, 
 131.90,   6.93E-012, 
 132.00,  -2.08E-011, 
 132.10,  -1.30E-012, 
 132.20,   1.73E-012, 
 132.30,   1.34E-011, 
 132.40,   4.25E-011, 
 132.50,   7.06E-011, 
 132.60,   5.76E-011, 
 132.70,  -8.67E-012, 
 132.80,   3.51E-011, 
 132.90,   1.08E-011, 
 133.00,  -4.59E-011, 
 133.10,  -3.08E-011, 
 133.20,  -2.60E-012, 
 133.30,  -5.20E-012, 
 133.40,  -1.95E-011, 
 133.50,   5.20E-012, 
 133.60,   2.17E-011, 
 133.70,  -2.73E-011, 
 133.80,   5.20E-012, 
 133.90,   5.16E-011, 
 134.00,   1.20E-010, 
 134.10,   1.23E-010, 
 134.20,   7.19E-011, 
 134.30,   1.82E-011, 
 134.40,   5.11E-011, 
 134.50,   7.71E-011, 
 134.60,   1.08E-010, 
 134.70,   7.54E-011, 
 134.80,   6.93E-012, 
 134.90,  -1.39E-011, 
 135.00,  -4.98E-011, 
 135.10,  -8.41E-011, 
 135.20,  -8.71E-011, 
 135.30,  -3.47E-011, 
 135.40,   2.17E-011, 
 135.50,   5.20E-012, 
 135.60,   3.86E-011, 
 135.70,   6.54E-011, 
 135.80,   1.04E-011, 
 135.90,   6.07E-012, 
 136.00,   4.64E-011, 
 136.10,   5.76E-011, 
 136.20,   1.47E-011, 
 136.30,  -2.17E-012, 
 136.40,   6.98E-011, 
 136.50,   8.67E-011, 
 136.60,   6.37E-011, 
 136.70,   2.51E-011, 
 136.80,  -1.04E-011, 
 136.90,  -4.72E-011, 
 137.00,  -3.29E-011, 
 137.10,   2.73E-011, 
 137.20,   1.73E-012, 
 137.30,  -5.81E-011, 
 137.40,  -3.12E-011, 
 137.50,  -2.04E-011, 
 137.60,  -9.53E-012, 
 137.70,  -8.67E-012, 
 137.80,   1.43E-011, 
 137.90,   1.08E-011, 
 138.00,   1.60E-011, 
 138.10,  -1.82E-011, 
 138.20,  -3.29E-011, 
 138.30,  -2.43E-011, 
 138.40,  -3.77E-011, 
 138.50,  -2.04E-011, 
 138.60,  -1.73E-012, 
 138.70,   8.67E-013, 
 138.80,   6.50E-012, 
 138.90,   2.43E-011, 
 139.00,   7.67E-011, 
 139.10,   8.80E-011, 
 139.20,   9.71E-011, 
 139.30,   4.59E-011, 
 139.40,   4.64E-011, 
 139.50,   2.34E-011, 
 139.60,  -2.25E-011, 
 139.70,  -2.95E-011, 
 139.80,  -1.73E-012, 
 139.90,  -2.30E-011, 
 140.00,  -5.20E-012, 
 140.10,  -2.51E-011, 
 140.20,  -4.77E-012, 
 140.30,   5.46E-011, 
 140.40,   5.76E-011, 
 140.50,   1.47E-011, 
 140.60,   9.32E-011, 
 140.70,   1.42E-010, 
 140.80,   8.32E-011, 
 140.90,   6.46E-011, 
 141.00,   8.88E-011, 
 141.10,   7.50E-011, 
 141.20,   3.38E-011, 
 141.30,  -1.08E-011, 
 141.40,  -5.20E-012, 
 141.50,  -4.77E-011, 
 141.60,  -2.56E-011, 
 141.70,  -8.67E-012, 
 141.80,   6.59E-011, 
 141.90,   2.82E-011, 
 142.00,  -4.42E-011, 
 142.10,   8.67E-013, 
 142.20,   2.77E-011, 
 142.30,   5.94E-011, 
 142.40,   3.90E-011, 
 142.50,   2.17E-012, 
 142.60,  -1.08E-011, 
 142.70,   1.56E-011, 
 142.80,   4.29E-011, 
 142.90,   5.07E-011, 
 143.00,   7.84E-011, 
 143.10,   5.50E-011, 
 143.20,  -4.12E-011, 
 143.30,  -2.69E-011, 
 143.40,   2.43E-011, 
 143.50,   8.71E-011, 
 143.60,   4.33E-011, 
 143.70,  -2.43E-011, 
 143.80,   9.53E-012, 
 143.90,  -8.67E-013, 
 144.00,   2.38E-011, 
 144.10,   5.98E-011, 
 144.20,   8.23E-012, 
 144.30,   5.63E-012, 
 144.40,   3.51E-011, 
 144.50,   3.03E-012, 
 144.60,   6.63E-011, 
 144.70,   5.03E-011, 
 144.80,   5.72E-011, 
 144.90,   9.19E-011, 
 145.00,   3.99E-011, 
 145.10,   2.86E-011, 
 145.20,   2.08E-011, 
 145.30,  -4.77E-012, 
 145.40,  -1.69E-011, 
 145.50,   1.73E-011, 
 145.60,   1.01E-010, 
 145.70,   6.24E-011, 
 145.80,   3.16E-011, 
 145.90,   2.60E-012, 
 146.00,   3.47E-012, 
 146.10,  -6.50E-012, 
 146.20,   2.47E-011, 
 146.30,   4.29E-011, 
 146.40,   1.65E-011, 
 146.50,   4.94E-011, 
 146.60,   1.09E-010, 
 146.70,   9.45E-011, 
 146.80,   1.34E-011, 
 146.90,   8.02E-011, 
 147.00,   1.21E-011, 
 147.10,  -1.47E-011, 
 147.20,  -1.69E-011, 
 147.30,   1.04E-011, 
 147.40,   6.63E-011, 
 147.50,   1.78E-011, 
 147.60,   4.94E-011, 
 147.70,   1.14E-010, 
 147.80,   1.24E-010, 
 147.90,   1.36E-010, 
 148.00,   1.20E-010, 
 148.10,   1.26E-010, 
 148.20,   1.72E-010, 
 148.30,   1.48E-010, 
 148.40,   7.19E-011, 
 148.50,   2.25E-011, 
 148.60,  -1.95E-011, 
 148.70,  -5.63E-012, 
 148.80,   5.46E-011, 
 148.90,   2.56E-011, 
 149.00,   3.03E-012, 
 149.10,  -3.47E-011, 
 149.20,  -1.73E-012, 
 149.30,   1.56E-011, 
 149.40,   3.90E-012, 
 149.50,   5.03E-011, 
 149.60,   4.77E-011, 
 149.70,   4.07E-011, 
 149.80,   1.17E-011, 
 149.90,   8.71E-011, 
 150.00,   8.06E-011, 
 150.10,   1.09E-010, 
 150.20,   4.42E-011, 
 150.30,  -2.51E-011, 
 150.40,   1.13E-011, 
 150.50,  -1.82E-011, 
 150.60,  -4.46E-011, 
 150.70,  -7.80E-012, 
 150.80,   3.68E-011, 
 150.90,   6.93E-011, 
 151.00,   8.41E-011, 
 151.10,   6.15E-011, 
 151.20,   2.08E-011, 
 151.30,  -9.10E-012, 
 151.40,  -1.69E-011, 
 151.50,  -1.30E-011, 
 151.60,  -6.93E-012, 
 151.70,   2.47E-011, 
 151.80,   1.34E-011, 
 151.90,  -1.73E-011, 
 152.00,  -7.37E-012, 
 152.10,  -2.12E-011, 
 152.20,  -1.69E-011, 
 152.30,  -5.63E-012, 
 152.40,  -2.60E-011, 
 152.50,   1.65E-011, 
 152.60,   6.33E-011, 
 152.70,   5.33E-011, 
 152.80,   5.07E-011, 
 152.90,   3.55E-011, 
 153.00,   5.33E-011, 
 153.10,   8.15E-011, 
 153.20,   7.37E-011, 
 153.30,   1.23E-010, 
 153.40,   1.12E-010, 
 153.50,   1.41E-010, 
 153.60,   1.03E-010, 
 153.70,   7.76E-011, 
 153.80,   6.07E-011, 
 153.90,   6.85E-011, 
 154.00,   1.15E-010, 
 154.10,   1.16E-010, 
 154.20,   1.17E-010, 
 154.30,   9.79E-011, 
 154.40,   2.86E-011, 
 154.50,   6.76E-011, 
 154.60,   4.81E-011, 
 154.70,   1.73E-011, 
 154.80,  -1.73E-012, 
 154.90,   8.23E-012, 
 155.00,   4.07E-011, 
 155.10,   3.21E-011, 
 155.20,   7.63E-011, 
 155.30,   1.37E-010, 
 155.40,   1.20E-010, 
 155.50,   7.54E-011, 
 155.60,   9.10E-011, 
 155.70,   1.08E-010, 
 155.80,   3.38E-011, 
 155.90,   1.30E-012, 
 156.00,  -2.17E-011, 
 156.10,  -5.42E-011, 
 156.20,  -3.47E-012, 
 156.30,   3.12E-011, 
 156.40,   9.10E-012, 
 156.50,  -2.08E-011, 
 156.60,   4.20E-011, 
 156.70,   5.89E-011, 
 156.80,   5.37E-011, 
 156.90,   1.43E-011, 
 157.00,  -4.38E-011, 
 157.10,  -4.16E-011, 
 157.20,  -7.37E-012, 
 157.30,   5.37E-011, 
 157.40,   9.84E-011, 
 157.50,   8.36E-011, 
 157.60,   4.90E-011, 
 157.70,   3.47E-012, 
 157.80,  -4.07E-011, 
 157.90,  -3.81E-011, 
 158.00,  -2.86E-011, 
 158.10,  -3.64E-011, 
 158.20,  -2.90E-011, 
 158.30,   4.03E-011, 
 158.40,   6.54E-011, 
 158.50,   7.15E-011, 
 158.60,   1.52E-011, 
 158.70,   3.86E-011, 
 158.80,   6.46E-011, 
 158.90,   1.25E-010, 
 159.00,   1.30E-010, 
 159.10,   7.24E-011, 
 159.20,   4.51E-011, 
 159.30,   2.25E-011, 
 159.40,   1.04E-011, 
 159.50,   4.51E-011, 
 159.60,   7.37E-012, 
 159.70,   2.51E-011, 
 159.80,   1.34E-011, 
 159.90,   1.60E-011, 
 160.00,   8.49E-011, 
 160.10,   8.36E-011, 
 160.20,   1.05E-010, 
 160.30,   9.53E-011, 
 160.40,   3.64E-011, 
 160.50,   9.66E-011, 
 160.60,   1.99E-011, 
 160.70,   2.25E-011, 
 160.80,   2.56E-011, 
 160.90,   1.99E-011, 
 161.00,  -7.80E-012, 
 161.10,  -1.65E-011, 
 161.20,   3.16E-011, 
 161.30,  -1.86E-011, 
 161.40,  -3.42E-011, 
 161.50,   1.78E-011, 
 161.60,   6.93E-012, 
 161.70,   9.97E-012, 
 161.80,   2.60E-012, 
 161.90,   1.65E-011, 
 162.00,   3.55E-011, 
 162.10,  -1.56E-011, 
 162.20,  -5.63E-011, 
 162.30,  -3.99E-011, 
 162.40,   3.12E-011, 
 162.50,   8.36E-011, 
 162.60,   9.97E-012, 
 162.70,   3.03E-012, 
 162.80,   9.10E-012, 
 162.90,   6.07E-012, 
 163.00,   1.86E-011, 
 163.10,  -2.86E-011, 
 163.20,  -2.69E-011, 
 163.30,   1.30E-012, 
 163.40,   7.63E-011, 
 163.50,   9.36E-011, 
 163.60,   3.51E-011, 
 163.70,  -1.69E-011, 
 163.80,  -2.56E-011, 
 163.90,  -4.46E-011, 
 164.00,  -4.38E-011, 
 164.10,  -9.71E-011, 
 164.20,  -9.06E-011, 
 164.30,  -1.30E-010, 
 164.40,  -9.14E-011, 
 164.50,  -3.51E-011, 
 164.60,  -9.53E-012, 
 164.70,  -2.60E-012, 
 164.80,  -2.51E-011, 
 164.90,  -2.43E-011, 
 165.00,  -1.91E-011, 
 165.10,   2.08E-011, 
 165.20,  -2.60E-012, 
 165.30,   1.82E-011, 
 165.40,   6.50E-011, 
 165.50,   7.54E-011, 
 165.60,   7.63E-011, 
 165.70,   7.02E-011, 
 165.80,   6.24E-011, 
 165.90,   6.89E-011, 
 166.00,   9.10E-011, 
 166.10,   4.77E-011, 
 166.20,   2.43E-011, 
 166.30,   7.15E-011, 
 166.40,   9.58E-011, 
 166.50,   8.84E-011, 
 166.60,   7.11E-011, 
 166.70,   6.46E-011, 
 166.80,   2.64E-011, 
 166.90,  -4.77E-012, 
 167.00,  -1.17E-011, 
 167.10,  -1.04E-011, 
 167.20,  -2.47E-011, 
 167.30,  -1.73E-012, 
 167.40,  -9.97E-012, 
 167.50,   0.00E+000, 
 167.60,  -9.10E-012, 
 167.70,   1.43E-011, 
 167.80,   2.30E-011, 
 167.90,   2.77E-011, 
 168.00,   9.14E-011, 
 168.10,   8.32E-011, 
 168.20,   3.51E-011, 
 168.30,   2.17E-011, 
 168.40,   2.30E-011, 
 168.50,   5.16E-011, 
 168.60,   1.11E-010, 
 168.70,   9.32E-011, 
 168.80,   5.29E-011, 
 168.90,   1.36E-010, 
 169.00,   7.37E-011, 
 169.10,   1.21E-011, 
 169.20,   1.34E-011, 
 169.30,  -5.20E-012, 
 169.40,   4.20E-011, 
 169.50,   8.45E-011, 
 169.60,   1.01E-010, 
 169.70,   8.97E-011, 
 169.80,   9.23E-011, 
 169.90,   9.19E-011, 
 170.00,   9.10E-011, 
 170.10,   2.34E-011, 
 170.20,   5.07E-011, 
 170.30,   9.71E-011, 
 170.40,   9.10E-011, 
 170.50,   2.47E-011, 
 170.60,  -2.17E-012, 
 170.70,  -1.99E-011, 
 170.80,   9.97E-012, 
 170.90,  -1.17E-011, 
 171.00,   3.94E-011, 
 171.10,   8.23E-012, 
 171.20,   3.21E-011, 
 171.30,   4.51E-011, 
 171.40,   1.08E-011, 
 171.50,   0.00E+000, 
 171.60,  -8.67E-013, 
 171.70,   3.94E-011, 
 171.80,   8.15E-011, 
 171.90,   1.65E-011, 
 172.00,  -2.17E-011, 
 172.10,  -5.63E-012, 
 172.20,   7.37E-012, 
 172.30,   4.98E-011, 
 172.40,   6.46E-011, 
 172.50,   4.25E-011, 
 172.60,   8.32E-011, 
 172.70,   5.89E-011, 
 172.80,   4.38E-011, 
 172.90,   9.58E-011, 
 173.00,   1.02E-010, 
 173.10,   1.48E-010, 
 173.20,   1.11E-010, 
 173.30,   1.20E-010, 
 173.40,   1.08E-010, 
 173.50,   3.51E-011, 
 173.60,   5.63E-012, 
 173.70,   8.67E-013, 
 173.80,   2.56E-011, 
 173.90,  -1.39E-011, 
 174.00,  -1.73E-012, 
 174.10,  -7.37E-012, 
 174.20,   3.47E-012, 
 174.30,   1.34E-011, 
 174.40,   3.47E-011, 
 174.50,   1.39E-011, 
 174.60,   1.08E-011, 
 174.70,   4.85E-011, 
 174.80,   2.12E-011, 
 174.90,  -4.33E-013, 
 175.00,   3.08E-011, 
 175.10,   5.46E-011, 
 175.20,   2.73E-011, 
 175.30,   4.94E-011, 
 175.40,   5.24E-011, 
 175.50,   6.33E-011, 
 175.60,   7.06E-011, 
 175.70,   6.46E-011, 
 175.80,  -1.30E-011, 
 175.90,   4.77E-012, 
 176.00,  -2.43E-011, 
 176.10,   7.80E-012, 
 176.20,   3.81E-011, 
 176.30,   2.90E-011, 
 176.40,   3.47E-012, 
 176.50,  -4.20E-011, 
 176.60,  -9.36E-011, 
 176.70,  -9.92E-011, 
 176.80,  -8.32E-011, 
 176.90,  -3.42E-011, 
 177.00,  -6.07E-012, 
 177.10,  -2.04E-011, 
 177.20,   4.33E-013, 
 177.30,   6.63E-011, 
 177.40,   6.63E-011, 
 177.50,   4.51E-011, 
 177.60,  -7.37E-012, 
 177.70,  -1.17E-011, 
 177.80,   2.86E-011, 
 177.90,  -6.07E-012, 
 178.00,   1.82E-011, 
 178.10,  -5.20E-012, 
 178.20,   5.24E-011, 
 178.30,   2.60E-011, 
 178.40,  -8.15E-011, 
 178.50,  -5.94E-011, 
 178.60,  -1.56E-011, 
 178.70,   1.95E-011, 
 178.80,   4.98E-011, 
 178.90,   4.16E-011, 
 179.00,   9.36E-011, 
 179.10,   1.59E-010, 
 179.20,   1.57E-010, 
 179.30,   7.37E-011, 
 179.40,   7.41E-011, 
 179.50,   9.88E-011, 
 179.60,   1.17E-010, 
 179.70,   7.24E-011, 
 179.80,   4.29E-011, 
 179.90,   3.60E-011, 
 180.00,   2.17E-011, 
 180.10,   2.17E-012, 
 180.20,   1.39E-011, 
 180.30,   8.67E-012, 
 180.40,  -4.46E-011, 
 180.50,  -9.06E-011, 
 180.60,  -9.27E-011, 
 180.70,  -1.13E-011, 
 180.80,  -1.47E-011, 
 180.90,   2.12E-011, 
 181.00,   8.02E-011, 
 181.10,   2.34E-011, 
 181.20,   2.47E-011, 
 181.30,   1.73E-011, 
 181.40,   0.00E+000, 
 181.50,   1.52E-011, 
 181.60,   7.06E-011, 
 181.70,   7.45E-011, 
 181.80,   7.58E-011, 
 181.90,   5.11E-011, 
 182.00,   6.63E-011, 
 182.10,   8.19E-011, 
 182.20,   7.89E-011, 
 182.30,   4.51E-011, 
 182.40,   5.98E-011, 
 182.50,   8.41E-011, 
 182.60,   4.81E-011, 
 182.70,   4.64E-011, 
 182.80,   1.86E-011, 
 182.90,   2.21E-011, 
 183.00,   9.84E-011, 
 183.10,   6.20E-011, 
 183.20,   3.42E-011, 
 183.30,   5.11E-011, 
 183.40,   2.25E-011, 
 183.50,   4.51E-011, 
 183.60,   5.20E-011, 
 183.70,   3.25E-011, 
 183.80,   5.55E-011, 
 183.90,   2.95E-011, 
 184.00,   6.02E-011, 
 184.10,   9.36E-011, 
 184.20,   9.49E-011, 
 184.30,   4.59E-011, 
 184.40,   4.64E-011, 
 184.50,   5.63E-011, 
 184.60,   7.67E-011, 
 184.70,   1.15E-010, 
 184.80,   1.04E-010, 
 184.90,   5.03E-011, 
 185.00,   5.20E-011, 
 185.10,   1.03E-010, 
 185.20,   6.50E-011, 
 185.30,   7.02E-011, 
 185.40,   3.90E-011, 
 185.50,  -3.90E-012, 
 185.60,   6.07E-012, 
 185.70,   2.69E-011, 
 185.80,   2.51E-011, 
 185.90,   5.20E-011, 
 186.00,   1.11E-010, 
 186.10,   1.02E-010, 
 186.20,   5.46E-011, 
 186.30,   2.82E-011, 
 186.40,  -8.67E-013, 
 186.50,   1.73E-012, 
 186.60,   7.80E-012, 
 186.70,  -2.04E-011, 
 186.80,  -2.60E-011, 
 186.90,  -4.59E-011, 
 187.00,  -1.04E-011, 
 187.10,  -4.64E-011, 
 187.20,  -2.73E-011, 
 187.30,   2.04E-011, 
 187.40,   3.73E-011, 
 187.50,   3.77E-011, 
 187.60,   4.98E-011, 
 187.70,  -2.38E-011, 
 187.80,  -1.73E-012, 
 187.90,   1.95E-011, 
 188.00,   4.12E-011, 
 188.10,   4.59E-011, 
 188.20,   1.60E-011, 
 188.30,   5.11E-011, 
 188.40,   1.25E-010, 
 188.50,   3.90E-012, 
 188.60,   4.03E-011, 
 188.70,   3.29E-011, 
 188.80,   7.37E-012, 
 188.90,   8.67E-013, 
 189.00,  -9.53E-012, 
 189.10,   6.54E-011, 
 189.20,   7.76E-011, 
 189.30,   6.37E-011, 
 189.40,   6.07E-011, 
 189.50,   1.21E-011, 
 189.60,  -1.82E-011, 
 189.70,   3.03E-011, 
 189.80,   1.04E-011, 
 189.90,   4.77E-012, 
 190.00,   2.51E-011, 
 190.10,   3.47E-011, 
 190.20,   1.95E-011, 
 190.30,  -6.93E-012, 
 190.40,   2.38E-011, 
 190.50,   1.65E-011, 
 190.60,   0.00E+000, 
 190.70,   1.56E-011, 
 190.80,   7.67E-011, 
 190.90,   9.23E-011, 
 191.00,   3.81E-011, 
 191.10,   2.25E-011, 
 191.20,   1.00E-010, 
 191.30,   7.84E-011, 
 191.40,   8.97E-011, 
 191.50,   8.93E-011, 
 191.60,   1.05E-010, 
 191.70,   4.94E-011, 
 191.80,   3.12E-011, 
 191.90,   7.54E-011, 
 192.00,   1.73E-012, 
 192.10,  -2.43E-011, 
 192.20,   1.26E-011, 
 192.30,   5.81E-011, 
 192.40,   4.20E-011, 
 192.50,   2.51E-011, 
 192.60,   5.55E-011, 
 192.70,   6.89E-011, 
 192.80,   3.51E-011, 
 192.90,   2.90E-011, 
 193.00,   6.07E-012, 
 193.10,   5.72E-011, 
 193.20,   6.33E-011, 
 193.30,   7.63E-011, 
 193.40,   8.88E-011, 
 193.50,   1.17E-010, 
 193.60,   1.29E-010, 
 193.70,   1.17E-010, 
 193.80,   1.03E-010, 
 193.90,   8.41E-011, 
 194.00,   7.93E-011, 
 194.10,   4.29E-011, 
 194.20,   1.82E-011, 
 194.30,   9.01E-011, 
 194.40,   7.41E-011, 
 194.50,   6.63E-011, 
 194.60,   3.38E-011, 
 194.70,   2.82E-011, 
 194.80,  -4.33E-013, 
 194.90,   3.03E-011, 
 195.00,   1.15E-010, 
 195.10,   6.07E-011, 
 195.20,   5.03E-011, 
 195.30,   1.04E-010, 
 195.40,   1.01E-010, 
 195.50,   6.33E-011, 
 195.60,   3.47E-012, 
 195.70,  -6.76E-011, 
 195.80,  -6.80E-011, 
 195.90,  -5.16E-011, 
 196.00,  -2.21E-011, 
 196.10,   8.67E-013, 
 196.20,   6.20E-011, 
 196.30,   3.38E-011, 
 196.40,   4.98E-011, 
 196.50,   5.29E-011, 
 196.60,  -6.50E-012, 
 196.70,   1.91E-011, 
 196.80,   8.67E-013, 
 196.90,   6.93E-012, 
 197.00,   5.46E-011, 
 197.10,   4.46E-011, 
 197.20,   2.34E-011, 
 197.30,   9.75E-011, 
 197.40,   1.05E-010, 
 197.50,   8.02E-011, 
 197.60,   4.59E-011, 
 197.70,  -4.16E-011, 
 197.80,  -6.50E-011, 
 197.90,  -6.93E-012, 
 198.00,   3.42E-011, 
 198.10,   3.73E-011, 
 198.20,   5.20E-012, 
 198.30,   1.17E-011, 
 198.40,   8.62E-011, 
 198.50,   7.71E-011, 
 198.60,   6.02E-011, 
 198.70,   1.34E-011, 
 198.80,   8.67E-012, 
 198.90,  -2.51E-011, 
 199.00,   2.25E-011, 
 199.10,   1.73E-012, 
 199.20,  -1.69E-011, 
 199.30,  -3.86E-011, 
 199.40,  -2.21E-011, 
 199.50,  -4.33E-013, 
 199.60,   1.08E-011, 
 199.70,  -7.80E-012, 
 199.80,   0.00E+000, 
 199.90,   3.34E-011, 
 200.00,   2.95E-011, 
